101.010388421599998
101.035423155399997
101.028553563000003
101.051109624099993
101.117474458000004
101.234600542199999
101.073326186900005
101.247046355400002
101.233493580599998
101.141931864100002
101.254820343700004
101.150990324999995
101.248863039499994
102.088917758500003
102.078574821700002
102.090740482900003
101.308321685799996
99.604555421599997
101.426247057400005
101.457278882899999
101.446738105999998
101.196336100099998
101.349472254700004
101.223186680200001
101.459169072300000
101.573471899400005
101.574051697100003
101.460291334499999
101.359482152799998
101.362174262899998
103.291334210800002
101.127853602700000
103.180101491299993
101.672350390199995
101.218534245399994
100.855621784700006
101.702013823100003
101.605449615599994
101.255891896899996
101.723803407000005
101.716208580900002
101.118338162399994
101.611089505400003
99.837122889300005
101.497439385400000
100.799964956899998
100.751177085699993
101.705805188200003
101.437034929199996
101.688421866900001
101.635549920399995
101.703595792300007
101.214534298299995
103.333569709800003
101.640513525399996
100.764384182300006
101.712649630700000
100.990173037500000
101.632101351900005
103.124630070600006
101.700141399700001
100.880798341800002
103.428940128700006
101.692107839800002
101.715968546799999
103.328135281499996
101.254395726300004
100.757832847399996
101.382565315899996
100.805408643999996
101.002062450200000
101.636031424400002
100.610361037900006
100.740072496400003
101.566628047500004
102.112550295099993
102.209997298199994
100.753760186199997
101.413966876900005
101.009434613099998
101.537229433199997
101.540432992099994
101.788235927499997
101.671938442699997
103.167514906799994
100.991527939799994
101.048239079799998
101.634766656500005
103.338757823700007
100.687404734599994
100.778988808899996
100.798105500999995
100.687749768200007
101.375535640199999
101.730386737900005
101.624945778599994
100.799318238500007
100.902669820900002
101.647666853000004
101.660335721300001
101.559527841700003
102.680765802300002
100.845437662400002
103.141542854299999
102.183423906900003
103.217521601000001
103.101512869000004
100.810762971299994
100.999959969800003
101.362595303600003
103.150386252100006
101.417368451300007
101.656647108300007
102.085993150299998
100.997579918100001
102.737293552500006
101.697967235799993
100.667468429500005
101.682578175700002
101.692218760700001
102.785490995399996
100.892815201299996
102.334009117199997
101.017718389899997
100.812988972499994
100.694977658400006
101.570015134299993
101.635075322700004
101.458292101200001
102.174075696800003
100.949504752899998
101.109056963599997
101.023818749000000
102.315750799800000
101.418960366899995
102.882137891599996
103.130913926700003
102.281127402699994
101.660733957999994
101.010264590399998
100.957714953199996
102.192123843600001
102.313877775400002
101.799385131099996
101.589670739900001
103.124942936400004
102.083192407200002
101.534675661700007
101.779291139199998
103.279335237300003
101.236450571500001
103.177838969099994
101.654129693100003
101.700602719299994
100.806477240700005
103.167777365099994
100.820229576900005
102.181058331599999
102.191590842599993
102.708355833799999
101.393210217600000
101.606435304200005
102.208563929199997
100.974233569399999
102.132276294799993
101.460393361900003
102.268030950300002
101.183929178499994
101.069755893299998
101.020767276699999
102.349153050699996
101.396440209100007
100.971627030700006
101.806023748300007
102.334461066100005
103.269643407900006
102.155087150599996
101.002741112699994
101.652259836200002
102.116768878499997
102.237502910700002
103.289052116600004
103.188106593200004
101.543707057399999
101.141835573799995
101.000246445800002
101.322368924100005
101.415849769600001
99.854959664099994
102.252778504500000
100.813341910099993
101.391863296699995
100.858921546299996
101.715637711100001
102.107856707699995
101.511116054200002
102.093275573599996
99.869117495200001
102.850706999400003
102.880461505200003
102.148903927800006
101.482415343699998
102.190520643499994
103.249911645200001
102.071427556700002
101.334037043899997
101.989885965100001
100.692548255199995
100.846531254200002
100.715024032399995
101.512111905400005
103.120867900299999
100.717344122100002
99.897219088800000
101.451586211199995
103.092332604800006
102.889498027499997
100.748830667999997
101.210411596699998
101.530752700400001
102.091358264400000
103.249345746600000
102.238304318900006
100.873528566000005
101.413818604599996
100.956129731199994
102.098363407899996
101.409871825600007
101.421236676600003
103.893132665099998
101.424693758700002
102.308084947799998
102.712614113000001
100.734356617299994
101.450370307000000
102.134733897000004
100.726250178200004
103.008839471599998
101.426628386499999
102.143979318600003
102.191210355699994
100.755768411700004
100.894862757799999
100.722675481200000
103.037293021099998
102.050468127299993
104.066643294700000
102.177777755199998
101.226864153500003
-598.377936588907687
-598.503087223288730
-597.997040999244291
-597.853242106458538
-598.124109225081384
-598.251273420243933
-597.133602225032064
-597.547176222116263
-599.385112475728988
-599.512647558753883
-598.508226544023046
-597.412499873084585
-597.507881697917242
-597.279688700162751
-597.139242757185571
-597.629939305201333
-599.507781505816183
-599.386390124995387
-597.087605555515324
-597.256931326486324
-598.657608935501685
-597.634948425479820
-597.400914350571043
-597.535009646945468
-598.440012099287287
-597.599330979324691
-597.547448422009893
-597.240130191225148
-597.070795380389882
-597.374138198292599
-597.499814058276570
-598.503399712244004
-599.380246605974435
-598.553974827404772
-598.551437470847191
-597.588467772417744
-597.688592407574220
-597.199865157340810
-597.031177982391227
-597.333601204768684
-597.462716274230502
-597.709401343559193
-598.724746760187713
-597.197912115932922
-597.028745991040523
-597.330851076003455
-597.457449658668338
-597.682995166676392
-597.582620390901639
-597.776811214101144
-597.615529978345876
-598.457195284470231
-597.153550600601648
-596.984502086997850
-597.297962770868253
-597.431066665728736
-597.557774881116075
-597.805646437938094
-597.190752299096062
-597.021485679517809
-597.331044091687318
-597.463264911137458
-597.588664719005806
-597.711801171917841
-598.677173658190782
-599.509278283885578
-597.505218934066647
-597.080763529073579
-596.912056851435295
-597.228156229734168
-597.371298048368544
-597.659643811073124
-599.634825271629097
-598.784213305916523
-596.911464045608795
-597.106801290529688
-598.851484012659057
-598.630026253215078
-598.729873471458518
-597.250049152847055
-597.627364198349824
-597.776305736853374
-597.381390320282094
-597.507637387640671
-597.697041922883727
-597.605312827651233
-597.089041078404307
-596.893184840376534
-597.232891884797482
-597.360877839020532
-597.486135951184110
-598.659789943389455
-598.726932947125306
-598.618922943481607
-597.031918807103693
-596.883832772878577
-597.174835175309909
-597.308170136870331
-597.436688551973930
-597.562055540656957
-597.840626965293950
-596.860997558728059
-597.295589613501988
-597.163677518918234
-597.419470014595845
-597.540030295421730
-597.749219159090899
-597.646626702976278
-597.728975018207166
-598.619659045451954
-597.023277857377479
-596.869889343742898
-598.707436829336984
-598.834475151077982
-599.764818756201294
-598.375645283218091
-599.637182190610247
-598.761539753596821
-597.015762115392818
-596.862974680674597
-598.505696248669892
-597.595247185504491
-597.010856535706125
-596.841193466862933
-597.161852292876688
-597.306167986228502
-597.434120062492525
-597.562367866332124
-597.662513238727229
-598.165596527760499
-598.352674617375783
-596.845809765882450
-598.073779881846349
-599.107651626252618
-599.637629005876988
-598.484058315985976
-598.610940290952840
-598.737986860575347
-598.868860155244533
-598.996740772167641
-598.681453415526335
-596.773838810833468
-596.942847490401277
-597.329331324149848
-597.075606051470913
-597.201511045792813
-598.570028241776185
-598.040389933037090
-598.858673585711131
-598.732407695206348
-598.986402004075217
-598.045841985083371
-596.827003011215879
-598.232906511602437
-598.621892760758556
-598.495006923691903
-598.364290809070212
-599.516220392034711
-598.605456365239320
-597.643382676575698
-596.994162396491333
-596.798307946689192
-597.138012090450047
-597.266012851484902
-597.391287050943674
-597.511029912069716
-599.104504450240029
-598.086798482978907
-598.036758691739124
-598.129687974761737
-596.894947051056306
-596.769298988237097
-597.006307340432159
-597.111869659255376
-596.918266248231816
-596.749071890862751
-597.069725624797798
-597.329101193890097
-597.202518616747057
-597.420542098748342
-597.514595966374713
-596.956522168116180
-596.760669293760998
-597.100400566444137
-597.228621208188997
-597.354588236833706
-597.474099690298885
-597.574779238144856
-598.500845135405143
-598.529441808964748
-598.623856709122833
-598.406396924099568
-597.638778233027324
-596.916426567308235
-596.746755180727178
-597.066693243952841
-597.211008935282507
-597.338785154382549
-597.467024909538850
-597.567041453317302
-598.617115137190353
-596.750135407054017
-596.944758260919116
-597.818233886905091
-597.764436012709211
-597.351785325203537
-597.087829692008427
-597.220623338973951
-597.726353134273950
-597.606483632912386
-597.480113214691755
-596.943116978279249
-596.748357129962073
-597.086820777918774
-597.346911968314316
-597.220391158430630
-597.475494055068566
-597.595687390635703
-596.747746296137507
-596.942359271217470
-597.085468894035444
-597.218268377976869
-597.349465326214840
-597.604599538631419
-597.475988104908538
-597.725098659964374
-596.776197836295523
-596.663277513633602
-596.938068402894487
-596.742866068862782
-596.715969202565930
-598.201914320607330
-598.372160801583163
-596.550327972526134
-596.700236394291096
-596.440382919085096
-596.287602078082955
-597.544492235908365
-597.644184508416856
-597.195527399890352
-598.656450397185495
-597.529911838745988
-596.826014225175754
-596.951669298942193
-597.078098388547687
-597.400213760968654
-597.204694275750853
-596.165851098390249
-596.860920786508814
-596.693667926776357
-596.986530215956236
-597.099134963275105
-597.155144555472930
-598.175976780564042
-596.060410486029468
-597.632563784220793
-598.502912978547556
-598.118085442777442
-598.011956677891931
-597.067626058209044
-597.105374902438257
-598.645254933060414
-596.832342336287411
-596.689330500609685
-596.955406880827695
-596.998463628185618
-596.829465704485415
-596.677742547137427
-597.401436441655505
-597.526034883745297
-597.277749761693940
-597.146410643197669
-598.648633106582338
-597.942074262058782
-597.746819507827922
-596.680225634323392
-598.581802797247974
-598.472690414156659
-598.351041798459619
-598.223184685001797
-598.089642929583533
-598.741961521869712
-596.875317225774666
-597.698056841637595
-598.533907521939227
-597.382500358094603
-597.476544603900720
-596.865971590472554
-596.670107531690519
-597.009807834159574
-597.137775605885736
-597.263048476202812
-597.568106179247366
-597.655754130349123
-597.776024866212879
-596.859352665106258
-596.664268911016507
-597.028893861258666
-597.183278609574018
-597.315426892702249
-597.441164642298759
-597.564199545005977
-597.678268726165243
-598.696260536864202
-596.796296125325966
-599.258361790744971
-598.381532273669677
-597.564665618278923
-597.185953430328141
-597.045707744137417
-597.318124049256880
-597.443493146122819
-599.506540801342453
-598.553280689710846
-598.647425237006132
-596.850996805253203
-596.656371953114785
-598.770610470731071
-599.636017403108553
-598.292532018875022
-598.426260689531318
-596.994066887187159
-597.124468887867351
-597.121459567575016
-597.252663732420160
-598.161782094302907
-598.696743189721133
-597.750571539257976
-597.868944135999072
-596.645726427742602
-598.244336647494151
-598.569378753532760
-598.443448505609581
-598.312847141227394
-598.186624066170339
-598.055492896352234
-598.570142594749541
-597.539650174024814
-596.642400610228606
-596.837539834520157
-597.420065308732092
-597.294247352048387
-597.161940163107829
-597.007101946183639
-598.561420718831641
-597.589624065655698
-598.468976654504672
-599.103995716024428
-599.634798119923744
-598.992454977642524
-598.042640393849751
-599.234913019281976
-596.788284852298602
-596.640203998043489
-597.058458712327706
-596.932655178709069
-597.182390219187141
-598.535128069793927
-598.629804691632671
-596.626167716390000
-596.820777270116537
-598.412720920951983
-597.549089293733346
-596.963896518527235
-597.096689490805488
-597.227884169101117
-597.354382929503004
-597.482986998667457
-597.602796946167814
-598.945093835456760
-597.927449563933010
-597.047381898727963
-598.018174783713221
-596.727875224652280
-596.832588284153758
-596.616565995322389
-596.954556834326354
-599.439053400428861
-597.596874667149223
-597.545053010235051
-596.790803780786632
-596.596097852247112
-596.938241494199360
-597.214231286820450
-597.081309949358456
-597.345929604869184
-597.471604072633795
-598.603296360651257
-598.973753985379517
-597.981928391397332
-596.758860828920547
-598.509861474661307
-596.592125788155045
-598.111107278394911
-598.704942386431185
-597.287510911004347
-597.406710351730339
-596.783819057603864
-596.588106849126461
-596.929052048832887
-597.055617820033490
-597.180845223408710
-598.569484182591623
-598.616942302541815
-597.264633545239008
-597.120161060638907
-597.391474208098316
-596.568574531363879
-597.829831469306100
-598.693005941072670
-596.735424153471172
-597.514327363977486
-597.631993681509698
-597.737060616197709
-598.747198538062776
-598.374348173247768
-597.881008122876665
-598.446121733728774
-598.573000207561904
-597.794193588928351
-596.565945356773909
-598.699271519371109
-598.352009411356903
-598.242635113485676
-598.111994616815082
-597.980757777692929
-598.826966868958380
-598.600904428348599
-597.545639205051771
-596.564352087461543
-598.507496363550331
-598.152553378489415
-598.273883183494036
-597.894652175804481
-598.024604671198858
-597.741264340077123
-598.399621928800343
-596.746137519363401
-596.550851336925689
-596.891355059333819
-597.025154733503541
-597.154257942428671
-597.280238520306170
-597.398608901646867
-597.506276440855572
-597.227105049457691
-596.539524522919237
-597.758573787568821
-598.462491554666030
-598.331723690159833
-598.204956039215176
-598.075574450761451
-597.945138479907655
-599.320439633147430
-598.633169766873038
-597.485502824259356
-597.419023389273093
-596.696063300563878
-596.527033153587809
-596.846727639349751
-597.107073690593666
-596.979459286218002
-597.361117896459064
-597.233004721835414
-597.518961673659533
-599.512602368222360
-598.363797082453857
-597.482075340556776
-596.519785337124176
-598.981957741618999
-598.490523908158139
-598.617639028313988
-598.744661029879808
-598.870762715648993
-599.112875184883478
-599.642624166097676
-596.680070702151170
-596.485438910843072
-596.827360017548358
-596.957084892907460
-597.084211315497328
-597.217549106531692
-598.421445847091491
-597.970782353920640
-596.492896774940164
-596.738325430731379
-596.849678702298320
-597.568089536242724
-597.915179559581702
-598.041690606360248
-597.343759224476571
-598.450445415336503
-599.506388433781012
-598.550388071193197
-598.736271939873745
-598.863328557479690
-596.484994549519683
-598.207255604551051
-598.626668405312557
-599.380431125636505
-599.253377388208719
-599.124753310483356
-598.995805024140964
-596.639017293068605
-598.502111619361813
-598.616144905862370
-597.471620898822948
-596.568125196083884
-596.672056992404691
-596.038571628279215
-595.935674206370095
-596.948733973703838
-596.678286986297394
-596.511457872756409
-596.822182992674698
-596.950620488725235
-596.863836335352516
-597.830853743017542
-597.077651236356019
-598.217324968632283
-597.500431633258131
-598.369094482652031
-596.528065930799812
-596.668682627818725
-596.472912841839957
-596.819863424078790
-596.941359772393980
-597.065800813250462
-597.305352897614398
-597.187701750429937
-597.407719774726957
-599.383322363962861
-598.375125679271036
-598.496018937917597
-597.524917137758166
-597.172928272113268
-597.073015322976971
-596.608496184387377
-596.482803009195436
-596.730669610356472
-596.855705267692883
-596.967854200400211
-597.972324822032647
-598.033477566915849
-598.576254607018200
-596.881624975680552
-597.803427963458262
-596.787374176335788
-596.665374475788440
-596.468822460217666
-598.740934120427596
-597.731257239459524
-597.873270126131501
-597.749833976007494
-597.306506617218702
-596.471840950558772
-597.476480386951607
-597.616982474427914
-598.634996148629284
-598.620233192482488
-596.601407899225023
-596.745022409070202
-596.452130152962354
-597.701843111894505
-596.733414053020851
-596.607042265819473
-596.464361142187727
-597.900364616892944
-598.499773230588744
-598.696781626534175
-598.036877366800127
-596.763388510925552
-596.892417154687564
-596.631884093160465
-596.448188477046870
-598.197881402089706
-597.053343090254884
-596.924310670722662
-598.489607217916841
-597.611825134183050
-596.730119254966326
-596.383737474584564
-596.508390616389192
-596.262149943479017
-596.627466665476959
-597.240640028075291
-596.642163095551155
-596.447282111029949
-596.810993384056701
-596.962629576123618
-597.109493802350357
-597.600347059453043
-596.815234860152486
-596.638234190811545
-596.957526489721999
-597.087541776274747
-597.220756004081977
-597.478050499967594
-596.443593965327636
-598.578719062238292
-599.507230071386061
-597.108235771478462
-596.961084100743051
-597.709742938161412
-596.641007307330710
-596.446052148629406
-596.809789372430828
-597.239535709494589
-597.362635549785637
-597.487212127595285
-597.607308793038328
-597.070840335008938
-596.875208996543392
-597.728881737368624
-597.637530157025253
-597.201801780774758
-597.326318611548686
-597.445750342328438
-597.544202675252791
-598.630022366538242
-598.696255215603514
-597.676839995147475
-598.509079128422172
-597.981708665919200
-598.846195829164571
-596.758386460481461
-598.487026197217574
-596.599794471849464
-596.433759920144780
-597.955797659425571
-598.976932249010133
-595.943008453537118
-596.981938541510090
-596.428832588944033
-596.540146604156234
-596.889109342628444
-596.784508081956119
-596.662834646418332
-596.803417374529317
-597.796518251847942
-596.934977038979923
-597.435623594625781
-598.471360666964301
-596.840622282392474
-596.612682242917344
-596.424113957376221
-597.877852677901046
-597.632246285665815
-596.617762296634737
-596.422709968499021
-596.787304327456013
-596.941674873542070
-597.073759515188840
-597.199454855099134
-597.321571858687321
-597.440049392599576
-598.568878688135214
-597.630480852756818
-596.411559516586976
-597.947496689233731
-597.816847117299631
-598.328658334581178
-598.202205054832802
-598.458501914985391
-598.076131556340783
-598.856157371387440
-598.824267887659857
-599.633573726202485
-597.182271253139902
-597.064168281391630
-597.293420580124575
-596.754422010500207
-595.919210352554501
-596.918096167257204
-597.812077282576297
-596.256024406484471
-597.656791566283573
-596.408667817911351
-596.521288341651598
-595.484180211185389
-596.142631469135040
-596.020734160076472
-595.897467412271453
-595.772584542180994
-595.629849038849102
-597.119178343649764
-596.514523250056754
-596.668714504616446
-596.811494509945533
-596.401780663011209
-597.181831471437476
-597.295197657315043
-597.787596831394126
-597.202513156628811
-596.614183592681229
-596.746222019803554
-596.724411253212565
-597.559948303008923
-595.910323888111975
-597.670506961514661
-596.676928740294215
-596.543650757874616
-596.745996133756989
-596.708380480820210
-597.108152694744945
-597.006992716094146
-596.878744408124021
-598.187580477228153
-599.132106630299859
-597.340870336788839
-597.435606707738430
-596.565942994447482
-596.395976997108505
-596.717116262441323
-596.856926393352978
-596.988856303122020
-597.111467678333838
-597.231922565825926
-598.308835618109242
-598.214226431636916
-596.395615211915242
-596.591493645252058
-597.366669240629790
-597.278028604049268
-597.160373148546569
-597.034411283260965
-596.905305295186281
-596.760366028209432
-598.752981125137467
-598.658337368368962
-596.831422647385125
-597.027126039204745
-597.158910568169631
-597.284185513720331
-597.402959321555045
-596.142080969248696
-597.005585522359752
-596.939175422812355
-596.556912864526680
-596.390075322920666
-596.700747099970158
-596.826959059910791
-598.103487157802761
-596.040272363441431
-597.013928514721442
-597.141348952455360
-596.818100798321893
-598.372997961255010
-598.887807834747036
-598.024018914847943
-597.078980362948300
-596.574827898196190
-596.386499444301762
-596.722343850912239
-596.848417603990015
-596.973675199138938
-598.748655159000577
-597.671253206501433
-597.004757898398566
-596.809005174992308
-597.405298288222980
-597.279960354316586
-597.524741670101093
-597.633177514848967
-597.148170415337063
-598.871860348938981
-598.778306690310728
-598.341419447319822
-596.367558056483290
-598.529070631828517
-598.892491409898298
-598.656678440336350
-598.783107220404872
-598.574756024449130
-596.886188454205126
-596.732516119770821
-597.292401617312407
-597.166711874492194
-597.532814658076632
-597.414466417369681
-596.562986179478685
-596.367973285142625
-597.034629851094792
-596.367267053730416
-596.019015697410850
-598.086164299894790
-597.137428310686005
-597.251020346155087
-596.357503883900563
-597.590026563231959
-597.974223401661675
-598.183078482058136
-597.719553921529723
-597.848867641130028
-598.089016350007455
-596.918984417263800
-597.694872151529580
-597.442102908407037
-596.666303742854097
-596.556065958393674
-596.359382111994819
-597.568676150851843
-598.870959216267693
-597.932996528426202
-597.998373580272073
-597.872407625850656
-597.585794113680890
-596.361332608154953
-597.492223106376969
-597.743255107439609
-597.579156600652595
-596.354971826562632
-598.076668639067748
-597.708633959963549
-597.837726736384866
-597.963022586855345
-598.155427688592226
-596.535651761847248
-596.347582889962496
-597.189892953511276
-597.077095567124616
-596.683687310061487
-596.827417618625987
-596.953216961342378
-597.572947399354121
-596.729049034012291
-598.500969577105025
-596.495548844855875
-596.343527011874812
-596.637571628254364
-598.626218321216925
-597.247048914663083
-596.345376788266663
-596.507749694205586
-597.176238991582977
-597.313236097406161
-598.085121595134979
-596.667901905199301
-596.796905867657301
-596.928971092055349
-598.975260001386800
-598.049242296255557
-597.927679601953969
-596.827136416710005
-597.984391103000689
-596.340908416026764
-597.562286142632729
-597.856827350841741
-597.729025585239015
-596.978069896407760
-597.040946402327450
-597.972961404824446
-597.569792013540791
-596.622964833423566
-597.541418105170806
-596.480062738515244
-596.331251487895429
-598.493097573030241
-596.688091836871081
-597.608453355214465
-596.594065681196071
-596.473861360374258
-596.328357142309642
-598.487256667724978
-599.258856888407422
-597.668197350373362
-597.548199202406522
-598.614681994014063
-597.674383093176630
-596.524171269791623
-596.329557679512163
-596.976964822010245
-596.847267192784329
-597.104062209295421
-597.491484857866794
-597.365798797059938
-596.699795753768626
-597.237383925713971
-597.616819460888792
-598.285985907726058
-596.311156713966056
-598.472636443331339
-598.764529501348875
-598.637385721545797
-599.018726133225300
-598.892295980378094
-597.072712199007697
-596.495195080573353
-596.308454254534354
-596.660722257485418
-596.789207072545878
-596.916729989875421
-597.040517184517398
-597.140281772611388
-596.877340337955502
-596.439885839380509
-596.317977349149714
-596.561386100916593
-596.672745574013447
-598.340944133395510
-599.309177776545994
-597.839458970868463
-598.666656969819542
-596.505124618459490
-596.310498585880396
-597.489045827753898
-597.587292926788450
-596.925681356869063
-596.730366527663591
-597.200064350038360
-597.068913956646952
-597.539127197494281
-597.749059493258301
-597.293086831873097
-596.881043106447351
-596.750559773811801
-597.004645191102782
-597.249803652324999
-597.130379314303582
-597.343179466727634
-598.458096454331553
-598.683574788900955
-597.577486301781732
-598.583600326968849
-596.894325866781969
-597.040599635385092
-596.619840192519177
-595.784115298989263
-596.784222912471932
-598.571942052702411
-599.377992888507606
-599.507302969764169
-597.029401432613327
-596.898025881122294
-596.702304621040639
-599.208657291894610
-599.338018133193941
-598.342147068211375
-598.215374636332172
-598.064777592771065
-597.095106136886443
-597.953385272811488
-596.259705268338280
-598.610392517115315
-598.486150055066901
-598.321024063105938
-598.740657865094136
-597.654543426476152
-597.310626447313666
-597.184921930592282
-596.459743428958973
-596.264712483108269
-596.629208097691617
-596.782048967491846
-596.930163406084148
-597.062240255237612
-597.551334304852162
-597.651399836243172
-597.432873064862065
-598.581381597002746
-599.418498013369117
-595.554418312630219
-596.565750694535154
-596.793357851510677
-596.455674854566951
-596.259135350524502
-595.675304024005527
-595.871490507826820
-595.776130607270261
-596.791702587142822
-596.912413965436713
-597.015228578637334
-596.437138847991037
-596.254135550073670
-596.566241781755480
-596.696926427090375
-596.818637272238448
-598.551222067005028
-597.592591191831843
-596.162774431502157
-597.140232572541890
-596.995776195754388
-596.826249762891621
-598.567158273217387
-596.257274812812057
-597.266207215411669
-597.389069930598225
-597.506733425244420
-597.611801039204693
-597.704341852033053
-596.610964954753285
-599.507639690499786
-598.455962336244284
-598.653027151362153
-596.410551278701178
-596.247685524237340
-597.358790334700188
-597.822598942972263
-596.874153070286866
-598.332742520944180
-598.206596002770766
-598.077575624407928
-597.954246362208664
-597.082755647078329
-596.246211319315307
-598.255015239332920
-596.825047709831210
-596.964860779867763
-596.415762410851585
-596.246005710509394
-596.566852817843937
-597.096805989369386
-597.219441231053679
-598.582435112655048
-598.053629715078841
-596.829154759875109
-597.988768486844492
-596.401002469994637
-596.242627704163738
-596.529569173108484
-596.657472894358762
-596.764365716889756
-597.420452380199436
-597.275810546591629
-597.081623129661125
-596.242070968005805
-597.884265860044593
-597.786034698735875
-597.553301789349234
-597.679739291548003
-599.385788793210395
-597.467034537568452
-597.372552923643525
-598.506268712797237
-597.556435740170173
-596.871931555372385
-596.676799626994807
-597.129248780942476
-597.005413810958544
-597.254412990114361
-599.058963149415831
-599.254765158196392
-598.154110655239833
-597.653269940647306
-596.690046915189555
-596.794618864713243
-596.362674963488644
-596.237610808040813
-596.484472024726188
-596.596032878350002
-596.700608114895658
-598.284456736694665
-599.188709111515209
-596.862444102245945
-596.420581241600075
-596.233710756207870
-596.587429858007567
-596.984835885134089
-597.097083561012369
-597.202391661810907
-598.705744746477762
-597.013202750802861
-596.430009973128790
-596.233352418190634
-596.555939073883792
-596.681314516474231
-596.808717584556121
-597.661968325356497
-597.760200014908605
-597.063848490397277
-596.223383233025743
-597.258044803011444
-597.535543051385844
-597.402675933304863
-596.703364068665223
-596.841077598778611
-598.437903200935580
-599.259530870729122
-598.380349588624085
-597.333535731610027
-597.427741676803635
-596.411777520126748
-596.216648590774071
-596.581123959615184
-596.755302913316882
-596.900284924750963
-597.385328957363868
-598.446293010949603
-596.408727774484987
-596.213057557781440
-596.559837687874733
-596.820814880159560
-596.699385869770140
-597.398021666772138
-598.247682938105072
-596.210589934803693
-597.434744335932805
-597.708224865267880
-596.209888206146616
-598.124747390948642
-598.249255104412327
-597.565998382431189
-596.402754708435168
-596.207906167958754
-596.571583093294748
-596.723207413783371
-597.246088238994844
-597.121551564083575
-597.466688264331310
-597.364264309694136
-596.869376012945395
-597.000461533310272
-598.434469189645824
-596.577524254179480
-596.402126823378921
-597.026555162786281
-596.893027382180435
-597.399400651084534
-596.207541750427026
-596.746159662970058
-597.154269030245700
-597.279964138434707
-597.953310719543879
-597.841033365366798
-597.683041690111622
-597.748063196835346
-599.504973225752906
-597.428643679777224
-598.445414631562699
-597.557151745022452
-598.327860510539494
-598.638853726581033
-596.310382011568095
-596.439309836556959
-596.203173995771976
-596.675560845975383
-597.592605156220998
-596.563207128117483
-598.499199323824882
-598.309947678897743
-598.421373444937899
-597.749049091156280
-598.276749127690891
-596.203049338513324
-597.425414821816958
-597.591490653027222
-598.288095517503280
-597.317691237844883
-598.160836223809383
-596.830591841970204
-596.635482131420758
-596.963995851854179
-597.340112555170208
-597.214884210627133
-597.553471664174822
-597.459136437186999
-597.090974389273924
-596.607257504621430
-596.802409161091759
-597.534141106642778
-596.945661386656184
-597.076306337231244
-597.908401544678554
-596.454489022051916
-596.311769850521614
-596.578041896083050
-596.934871840041751
-596.823059287117189
-597.048211999268915
-598.439797257075043
-596.157608505540679
-596.699995392958385
-596.944075444571581
-597.481444388136765
-597.564216789883289
-597.376931388386652
-596.152718618904828
-597.055028486575338
-596.150527426547342
-597.169647108207300
-597.056284505331064
-596.304629222194080
-596.447393864156879
-596.574558757626733
-596.698901693415337
-596.821642656748963
-596.944110971623786
-596.192023937038130
-597.186841305284815
-599.422339742798840
-598.660369952809333
-598.769758710837664
-598.085721675613740
-596.112894637696968
-598.272421782294714
-598.406032722442205
-598.533367656771475
-599.548505638951724
-596.886614522060768
-597.806694415548236
-596.785889393040634
-597.704528415337336
-596.582284268230410
-596.691902053360991
-596.330854485466602
-596.134104349840641
-596.456565868594907
-598.579448341623333
-597.566303974390166
-597.563330681105299
-597.657573246455058
-596.330786430863782
-596.134261526324735
-596.686788897482074
-596.576685114508905
-598.482142596898939
-598.503069040887567
-598.373784773915077
-596.760681374308660
-597.792423743691074
-596.654974990324035
-596.757917863686316
-596.267290852285214
-596.112537323340575
-596.412799092247042
-596.537839974723965
-597.779112682136088
-595.778075233671984
-598.617110825026202
-596.858247550058650
-597.661194128697161
-596.110117302876120
-596.307033227019133
-597.692645808630459
-596.476450441740553
-596.625450858167028
-597.712851089992000
-596.792628727622969
-596.109928443868398
-596.306628628458498
-596.683012974002054
-596.556863332191142
-596.431019951177404
-598.744557662871330
-598.371185573227876
-598.244227763197841
-598.976763957584467
-598.883968872697892
-597.803706683425503
-597.936835848755436
-596.794731476443530
-596.274335749180977
-596.105098387017733
-596.414601264005114
-596.546835749409411
-596.672192548630051
-597.511033055713256
-598.501978791543479
-597.478495452697871
-598.426276291497970
-596.543972671994311
-596.395607397253912
-596.255518461404336
-596.101539703328172
-599.256954942678590
-596.538126811055349
-597.374584773785955
-598.403684440580150
-597.556993649211449
-598.469484179833444
-597.049098070160653
-597.996380262033085
-597.056787879490798
-596.946145542241084
-597.205660507600555
-596.197159790212027
-596.099999445910612
-597.426573674370729
-598.375736432401482
-596.206780762919152
-596.325963752209532
-596.451296997928921
-597.302328780986954
-597.637416910381262
-597.139994451216012
-596.956099772248990
-596.099220399659998
-596.282125433356214
-596.831837249746286
-596.704865404322391
-596.576716766582194
-596.444973536011503
-598.138904018960147
-597.187964751674258
-597.751706102510752
-597.254094513524365
-596.885268209607716
-597.046254357939006
-596.259911700983821
-596.097569685166491
-596.764297993097784
-596.641633159359003
-596.517775216801510
-596.391184151739253
-598.567270635807517
-599.376670040208978
-597.545379603467609
-598.354641338411056
-598.568927208189848
-596.094798621720656
-596.933530245849170
-597.527707577083788
-597.128788180350512
-597.269777206136268
-597.401922673992772
-596.587031432731465
-596.244949033328112
-596.094313856252711
-596.373166203071605
-597.618306858428696
-597.386411387014277
-597.016955165315380
-596.922980514569190
-597.876337201956858
-597.551815037527149
-596.280054180774187
-596.092498762525452
-596.446880687320800
-596.572109702713306
-596.696166352751447
-596.817701204668083
-596.521220693339501
-598.565424468696165
-596.431514304404345
-596.606923406986880
-596.286546738528841
-596.092007864387938
-597.513940559068601
-597.608335454759299
-597.036170274254346
-597.162021086712002
-596.909092011296593
-596.775629850978248
-597.406012321055300
-597.288047268331638
-598.572362253915685
-599.505178270362876
-599.286149625066741
-598.424177440565018
-598.515289793143324
-596.089940168023986
-596.930586983208059
-597.689641828732192
-597.562080029063509
-597.124756149323275
-597.060922531283722
-599.412110162082627
-597.464729896821041
-597.338330230029442
-597.205526017614602
-596.821247922028761
-596.714349479981593
-597.205710925764265
-597.075941847216541
-597.412179151120313
-597.324437602583430
-596.518709339108113
-596.951798809309139
-597.464062087084699
-596.229943618059565
-596.078746586896500
-596.374511655854576
-596.493776876370475
-596.962192861724134
-597.998299300348208
-596.267024620251050
-596.080180915483425
-596.707335006512835
-596.581124840427833
-597.905370385896390
-597.046411519635285
-596.433794245685817
-596.828911294525824
-596.941129072365584
-597.093830606850815
-598.612474725715856
-598.706728419441106
-596.274979620293607
-596.385082382207202
-596.078305866371238
-597.839287349300662
-597.461339029059900
-597.567345008065104
-596.540111813182648
-597.711867178610305
-597.587013022890119
-596.762345352502734
-596.075343518136606
-596.181843513815465
-597.292882870835001
-596.635343216082219
-596.506451802348124
-596.347862944739063
-597.089670017845492
-597.684173592444040
-598.511534350288457
-596.256632411028477
-596.068629942446478
-596.422666192736983
-596.570627830614626
-596.717541841921729
-596.843191265210521
-596.932393196052999
-596.077210260402808
-596.234492000798582
-597.587734657111241
-597.715076891620924
-596.490863723240750
-595.562489451460237
-596.362994049282406
-598.291331407668622
-597.699438246076966
-598.619623373351033
-596.752421957363367
-596.224495321141035
-596.074392322373228
-596.373376363504349
-596.516207640164794
-596.657747173978805
-598.679143428448810
-599.512373844744502
-597.686948236121225
-596.309320380859731
-596.205605352814928
-596.061075845733285
-596.552798076512090
-596.668991449024020
-596.433623271194392
-597.677366384350307
-596.958428955956379
-596.415449912705185
-596.669443865157405
-596.544329753810416
-597.973204543328166
-598.094589298636151
-596.252592674992002
-596.056136289680808
-597.487582967092976
-597.967803251956866
-598.099497002506155
-597.617271311811464
-597.743463185155179
-597.868074820706056
-597.969518911604837
-597.139240650926240
-596.422296467889851
-596.255485024475661
-596.569029567168059
-596.067915245355380
-596.694596661755099
-596.819430932365776
-597.666024572400488
-598.487823201650485
-597.512848293817342
-597.791191260866071
-596.714441729129931
-596.059115268381674
-596.254152655464168
-595.678810998713402
-596.759230730929403
-596.397678362117858
-596.658954892746692
-596.530629068578037
-598.675738499899808
-597.028437230352779
-597.182886377834848
-597.789085859901320
-596.406932873382857
-596.252629826413340
-597.331892058244421
-597.458461229078580
-597.584626540122031
-596.055976049452397
-596.584356170920387
-597.591323778189803
-596.054160497766361
-596.178004977290584
-596.717150957380454
-595.742111496603457
-596.332102510736490
-596.482360596128160
-596.624534189013389
-597.558432134098780
-596.708973187061247
-597.718257802362700
-598.410560998290634
-599.377960893425097
-598.512204874462100
-598.540908158610591
-597.640109815197093
-597.517066023229177
-597.009216636702831
-596.055659727204329
-599.249988500185623
-598.292663962937581
-597.808293812761121
-597.706497665389406
-597.371389475753745
-596.217581480396916
-596.051087024599383
-596.362632450981209
-596.504633650609094
-596.745023456724084
-596.626072779069091
-596.850143904716674
-598.345830757320869
-596.670361016686456
-596.759617890854770
-596.475932872895100
-597.635594416705317
-597.416532286132906
-597.536027560880143
-597.160317303784268
-597.291301867040374
-596.902918037646828
-597.034958681032322
-597.610709083178904
-598.495740615395789
-596.691491690272073
-596.596671096650425
-596.191744560631264
-596.043351372277016
-596.334544643597042
-596.476066682890973
-598.726517472041792
-597.716821943268883
-596.817414115763086
-596.985982844414139
-596.479655150148574
-596.604719475347110
-597.861392573174840
-596.206631606113319
-596.034559582795509
-596.350137514497760
-597.596348032778678
-597.690606557537876
-597.469408893739455
-597.792128205013341
-597.055073681479598
-596.927640787829205
-597.820766288181630
-597.693328211027961
-596.256458157866518
-596.044802054749425
-596.431543507254901
-596.559952532076750
-596.689785714076265
-596.816584502514615
-596.926189617214391
-598.833979589839146
-599.287383343901865
-599.380189414148049
-598.388493269510036
-597.511553389613482
-598.515761457211624
-596.590849846530659
-596.188938679565013
-596.013545683815664
-596.341411207495980
-596.466782319086406
-598.736052354551475
-598.446856158735955
-597.066575469084682
-596.870636927212900
-597.583787054969775
-599.464639176121977
-596.023640700384703
-598.700116302429251
-598.557610156589362
-599.335174321854879
-599.207686554820611
-598.953719027368379
-599.082289660037986
-598.826515992930808
-596.220703526082843
-596.005498502374166
-596.202024546791449
-596.326444860371566
-597.475902770538141
-597.356346949833778
-596.010433728135695
-596.449094892537687
-596.549241020894328
-598.651003465058011
-596.329912795402493
-596.665733810945767
-597.707857120363315
-597.604288340182734
-598.356232015565865
-598.450099071025306
-596.393305557803842
-597.169010342332854
-596.283872386083544
-597.437132853352296
-597.315514247349938
-597.367832850290029
-597.462704001547763
-597.473389899227755
-596.274104137272047
-596.145684429705966
-596.492853119521897
-595.996338300909770
-596.386489062350620
-597.492942698133675
-596.794897412342834
-596.730099901123026
-596.128502435382075
-596.002226596237961
-596.255466709738243
-596.381324022140916
-596.510677155897383
-596.622922099031257
-597.860342253336398
-596.617859259041893
-596.925857002295743
-597.842709205699180
-596.105813506010804
-596.278611822400535
-595.995034070507018
-596.804366287410403
-596.677317848067673
-596.552202467921688
-596.422710483568721
-598.489283565244136
-596.832601169968370
-596.250707050455276
-596.155446877169879
-595.994240122753581
-597.072097001859902
-597.974315603111791
-597.608000669364174
-598.503738231967077
-596.152363472685352
-596.246782925932621
-597.185548127745278
-597.091191020357542
-595.991159890377276
-596.364118418552380
-597.721640477427286
-598.617628692708763
-598.855518297914045
-597.785526870419062
-595.991673908635903
-596.700755130577022
-597.565497860986625
-598.482620517978489
-596.288326697388129
-596.185312276923469
-598.612139231519677
-595.990270184791143
-596.412318255516084
-596.540426716040997
-595.988016134159011
-597.207319378177885
-597.107557802819542
-597.316169736481129
-596.394529337629365
-598.056988647984440
-597.008456462723530
-596.902181429116581
-596.775705998224339
-596.649149503475087
-596.521513997816555
-598.415528309401907
-598.509703359239666
-595.985700992382135
-596.328061764504923
-597.465955365812533
-598.634934615458974
-597.697627317305887
-598.705725837180808
-596.135890974568269
-595.984251702525967
-597.606317777969025
-596.708698600945354
-596.289973716607733
-596.440697374498995
-596.584555373420471
-598.088017692819903
-597.993594076941008
-597.039724907471850
-597.162809758350932
-596.147126153336785
-596.269741268665371
-595.986012271389200
-598.893700845134845
-596.332829742467652
-595.497135539395117
-597.269799763246738
-598.800707193639028
-597.362783039434703
-596.531012967361448
-596.696116591145255
-597.126753607280193
-596.998909354495026
-597.251620664226152
-596.851003439938268
-596.819439632298668
-595.789178376351629
-596.739768665559836
-595.972700750247327
-594.975970407707450
-598.313564021084858
-599.258554079619330
-595.926447846820338
-596.967643900249527
-597.224253101303816
-597.094956937717370
-597.351047548636416
-597.462530178397969
-598.287644729032763
-598.381702698998879
-597.370040079513956
-596.120529056721352
-595.969332780743343
-596.265104152368281
-596.384340379764240
-598.320857785140902
-598.802148671931491
-599.634569232992817
-597.676267703111762
-596.166564291297618
-595.971553633417443
-596.294289440460830
-596.418618466054681
-597.587645133647470
-597.426379959567726
-597.297335079556319
-595.968481135921593
-596.074177374312512
-597.899159660846635
-597.555035258164025
-597.680260914233713
-597.793428115072174
-597.316475376420385
-599.378354265211215
-598.356285154738430
-596.157078337043117
-596.290016895656208
-595.962055974237387
-597.526111841271018
-597.442805348628099
-597.186023781478070
-597.314867537511645
-596.407634072805081
-598.422140284124339
-598.029511100029140
-595.963048666327722
-596.159481220436646
-595.963170107670066
-596.305385116294019
-596.430224156036957
-597.632712675899938
-597.695878300413483
-597.152969940716957
-598.066790001043728
-596.102195229331755
-595.956988607840003
-596.376471633163646
-596.246662724080920
-598.613511181569720
-598.190447260028805
-598.312007302736220
-598.413933027673920
-598.181379795262274
-598.895404481233413
-599.028681862214057
-596.103413111583563
-595.958201900476638
-598.019654761456877
-597.876886890998776
-597.316627811986564
-598.198389544892962
-596.245441017102507
-596.366709631307344
-596.485734558948707
-599.157170525752008
-598.152153595917753
-599.505363448852449
-597.458225342178139
-596.144925298380599
-595.949843849380954
-596.416090297138226
-597.948161410549574
-596.785507488024678
-597.621944220073374
-595.953265613058875
-598.679865287865368
-598.804706456626946
-597.959830795493303
-598.126011034530620
-596.789811883195853
-598.551488172114773
-598.297789414983072
-598.424652602179549
-597.727703414842381
-597.860024442918075
-598.077618065934985
-598.191868704988451
-598.170438225060934
-597.749274971148566
-598.303075567916608
-599.130760519347632
-595.929498028600847
-596.880872220215679
-597.419483095014698
-597.033941209891964
-597.184654028329419
-597.302682527115621
-598.308522825055661
-596.352029936919280
-596.189641973984180
-596.698799531438226
-596.573236013300061
-595.446328905616610
-596.479752001571342
-598.528971015996603
-597.068148327470226
-598.407984969010840
-598.309072137060980
-596.825234365791857
-596.950748700692770
-599.255277133801769
-598.420503374200734
-598.168771437749228
-598.231816239352838
-597.121275255802288
-597.244266130043115
-596.080804304834942
-596.254223580326084
-599.115165251039343
-595.928696902411389
-599.236501171449390
-599.143696673846534
-597.587769914112073
-598.361545131090793
-597.370200506223227
-597.494817513567796
-596.949541569659232
-596.213106738996544
-597.048867717460666
-595.640595140762798
-595.442467002060539
-595.804090601847975
-595.957079657702479
-596.102537100194468
-597.175322212244055
-598.702611198078557
-599.382096244704144
-599.509619167840810
-596.911989138277704
-597.051525671609397
-596.742708782724776
-595.907382278193154
-597.876406117097417
-598.506275874973085
-598.404219093363054
-598.022912427942970
-598.154780859232233
-598.280128256369153
-597.690041604721841
-598.646869791256108
-596.502375400808432
-596.362126168861550
-596.063578512165805
-595.909088441133690
-596.213875962192787
-598.746894327184009
-599.511379506513663
-599.381530635590593
-598.089023790515284
-596.450235622158289
-596.252758222488865
-598.731268972914336
-595.417552886184581
-596.613560593330021
-596.764607483305554
-597.360526778224994
-597.214025899283342
-596.437756457024648
-598.447014872460954
-598.406303682010275
-596.100493253770537
-595.905701806302659
-596.274957757307675
-597.490333651855963
-596.584374933102936
-597.590487873152824
-596.784380845191549
-597.321730793176016
-597.812111729843764
-595.727494908770041
-595.921304935098192
-595.826098425868508
-596.039471627060948
-598.374184924247402
-599.384486533628888
-595.896528878402478
-597.452267473293091
-598.572257864788185
-598.641558849906687
-597.047399627772847
-597.884671289933976
-595.586313682152195
-595.423143058859637
-598.446183240536584
-598.321940270031064
-598.198346433693587
-598.052298475512544
-596.423571250353689
-598.359267151819722
-596.374192187418316
-596.498126987988485
-596.060001574024227
-595.888026015694436
-596.222376396035656
-599.241403544132481
-596.627932125315510
-596.727258624383580
-597.584181103140054
-598.469111679042499
-597.459392823028338
-598.122961882330969
-598.250293977687761
-597.466092673134199
-598.180917746964383
-598.356868844886549
-598.018809851249443
-597.850336619010477
-598.484102171240465
-596.507749217254741
-599.491134379361711
-598.473303415572673
-596.049597135315707
-595.875576797455324
-596.219168097333409
-596.381566150715912
-599.361834139248572
-597.584915582360281
-598.502372455171098
-596.195929681577582
-596.044305950853072
-595.869559430799654
-596.808917661486817
-597.492009447143005
-596.464687878089990
-596.716006452431088
-598.629697507317474
-597.014927275629134
-597.162259203567601
-596.101678921974781
-598.388313109359387
-597.461914672494459
-595.995401285931962
-595.868938172227558
-597.293784963793200
-597.419202490187899
-597.518864061455247
-599.378983502653227
-598.423622429994793
-596.250863074309336
-597.588839276943418
-597.535118628456303
-598.557015178261508
-597.448095270554177
-599.507278995194156
-597.281070679313189
-597.410005582715030
-597.843843800195600
-598.633737808053638
-597.683072336743635
-598.493412198259989
-598.380174069007126
-598.620849237747279
-598.805036801267988
-599.636801544380319
-596.708230945526566
-597.911220465982979
-598.106162768261129
-598.249875936819763
-598.380548100977421
-598.506929868922157
-598.750590677795344
-598.263510134997205
-598.120983155227464
-597.762145707705486
-598.394398782375220
-598.521290292460890
-597.718108414730295
-598.651865683755886
-597.456527236403645
-598.644350567802235
-598.529352580572436
-597.302988831745211
-597.562542839392904
-597.743867615227373
-598.203682192721317
-598.668390170073735
-598.566298766946943
-598.330526116257943
-598.455693855642835
-597.270234590212112
-597.402157023220184
-597.855966145818684
-597.738037003593945
-598.577198268325333
-599.544169416210480
-597.129833707522266
-597.617574870500448
-599.515049569570579
-597.122251711975650
-598.979741959189937
-598.741781493541339
-598.151625395306723
-597.893109756200829
-597.766355474512011
-598.721831667258016
-598.848873561382561
-598.024230895459141
-598.886893016769022
-598.777204376264990
-598.650000598153952
-598.392248767871251
-598.519159868615134
-598.260859537522492
-598.646331522194828
-597.203405127840597
-597.913185600886663
-597.787273579793577
-598.491050727969309
-598.748166528698448
-598.875867404368250
-598.859477946804191
-598.474825920142848
-598.605539094752771
-597.499425173756663
-597.122008759795563
-597.367046583460933
-597.247301596687635
-597.461328432548953
-597.553013142546433
-598.178065612595447
-598.273342473584080
-598.402197964000720
-599.011448465055082
-597.903380822750137
-597.630820921044915
-596.597871966390926
-597.195003885142569
-598.471583543527458
-597.439366145770350
-597.320598956322556
-599.386005212968257
-598.405041401564745
-597.500439745439053
-598.341874462386727
-597.478133783040676
-597.218225371927133
-598.391219547065020
-598.520411569172438
-597.179193609985077
-598.472400462341056
-598.341842063900003
-597.309614313900965
-597.443181500171931
-597.569698169971048
-597.698293696092378
-599.671822728835991
-599.638492263704848
-598.646823818901566
-599.509992694573043
-599.541798835678492
-598.522715198191008
-599.511618645991803
-598.581450783175114
-599.383185230772028
-599.508406631832258
-598.386694964324079
-598.516902822260704
-598.344177545443245
-598.317560849354095
-599.414993032498728
-599.379678484631768
-599.384398567888638
-599.377853928365994
-599.286858367958871
-598.360811681301470
-599.381568334896201
-599.254997513480248
-598.326635724174139
-599.379850502112959
-599.252462549218421
-598.091143031962815
-598.261393325387189
-598.388292267675865
-598.517407723134852
-598.451530100442824
-598.425693373219929
-599.509143350645445
-599.252214615102957
-599.125647131134542
-599.381625800677512
-599.508469254640431
-598.982485518776912
-598.482471753649747
-598.197039055882897
-597.959703368997566
-598.020489772946462
-599.123266948488777
-599.250633218858184
-598.988240037836249
-599.250563511192922
-599.121512726864012
-598.258834250523250
-598.131958739686866
-599.116965227931473
-597.877059046320142
-598.407673996877861
-598.537932491301149
-598.008221682272961
-599.014856950188573
-597.926253466006528
-598.057390962404611
-598.587249080872425
-598.437801858868511
-597.935044263991699
-598.455907467841143
-598.325677100825487
-598.067393526122373
-597.909929907782953
-599.506857530061893
-597.630699210095031
-599.336204806789283
-599.225390371437356
-599.467445337763024
-599.122736328904239
-598.996043162504407
-597.835295946942551
-598.260515725072537
-598.134297901769742
-598.004893060909808
-598.489642896916848
-599.395579482355743
-599.381182788127717
-599.251355952938070
-599.251924295490085
-598.131091163970154
-598.389598382053578
-598.259538727494942
-599.405759306114760
-599.277663184336006
-598.986463742178216
-598.875273929333730
-597.798268826354615
-599.388093113497462
-598.310254062303784
-598.852672100810423
-597.977159062756527
-599.001686088833026
-598.442445896516233
-597.970472621638805
-598.500224600276738
-598.869576067593698
-597.877684849887373
-598.246823465119746
-599.192371000529533
-598.437495946590616
-599.190615294562804
-598.823592712642608
-599.210240788937313
-599.100417592763279
-599.125209126037362
-598.998615825758634
-599.270608789406310
-598.640059229233657
-598.766063871608935
-598.763921629822448
-599.294748508802172
-599.544869457156551
-598.759702149976647
-597.872459150420923
-598.756027488174141
-599.289102408142298
-598.459431478654210
-599.416512299209785
-599.382793380092039
-599.420913698787331
-598.329221646641599
-599.416792780192964
-599.510882773520393
-599.254406948894484
-598.868744361848485
-598.998579537155479
-598.859301090652934
-598.728685217336192
-598.959911816478325
-597.940663223118918
-598.507538853291294
-598.250234694055962
-597.587643689167862
-598.206779263767885
-598.652833864288823
-597.913817796893227
-598.675275988403655
-598.690161429585601
-597.598522597119313
-598.120691195101699
-597.754430840492205
-598.700033623810896
-598.247563586234037
-598.698615915740788
-598.307419320208055
-598.486193834020924
-598.117139026180553
-597.712393318012573
-597.622227889504302
-597.813603345274373
-598.728283479167771
-598.697714450668627
-598.726897311634957
-597.734894064986634
-597.781579467445795
-599.381294903757635
-599.254004173940984
-598.661186816472537
-598.826664579274620
-599.250827425220223
-598.642767203019503
-599.295015907696779
-598.638478128124916
-599.166896093554669
-598.628863356126203
-598.643260445144051
-597.779597099322473
-599.375387530895637
-599.159164871790381
-598.202131829157565
-598.332314147972852
-599.252097675217556
-597.617962122184281
-597.488737839837199
-598.634066165181480
-599.388646321201577
-598.442577893747284
-597.685352156540148
-598.627451166614492
-599.292480916008572
-598.440449652288748
-598.553933551804221
-599.509677936623120
-599.382034795656409
-599.509320282750423
-598.296494510342200
-598.553680364478623
-598.426674971848797
-598.553790201680272
-598.423949095248645
-598.601569757665857
-598.186134291852454
-598.731396160803229
-598.601582609544039
-598.612640542892564
-599.368948655348504
-598.191289880421323
-598.062608100686020
-598.077190993757768
-598.615812437608838
-598.251668658910489
-598.698615943296431
-597.471058339389174
-598.407811096617252
-598.601547441504408
-598.728208453770208
-597.680539113266036
-599.511147038404715
-598.661598621014150
-598.534962360476356
-598.623853113707810
-597.495598247297266
-598.588771671310838
-597.630685538817033
-596.508396384490766
-596.406705716763668
-598.117900493818865
-597.991369896767878
-597.519625346139264
-598.555131571173547
-598.677020143717300
-598.534209182152381
-598.699688665534836
-599.123776613920313
-598.638672795738216
-598.488790378537828
-598.954212284306436
-598.540772994185318
-597.660746220478018
-598.515450877748208
-598.641671477543014
-598.575154557592441
-599.379808811135035
-599.255574662525078
-598.532004491639782
-598.245875049516940
-599.526792383533916
-598.522967443948573
-598.312591125746621
-598.632685798640296
-598.316049448509148
-598.564829893224214
-598.683618545844183
-598.892100103389339
-598.504335387479387
-598.634447958605278
-598.764243193608309
-598.342978678257623
-598.214633855681200
-599.232089058686711
-598.604641758735852
-598.474858620011673
-597.995811777408676
-598.124936322341910
-597.863054623885887
-598.732426387569944
-599.417522337073592
-599.375013608697145
-598.459873079744511
-597.934590939609166
-598.505574088494086
-598.504034388818241
-598.485768302954739
-598.855853120912229
-597.524499533205471
-598.459186457205419
-598.605309360430510
-598.478916680173029
-598.279269201566763
-598.149998761878010
-598.733052715761005
-598.422597589301859
-597.501902389544966
-598.311311836932305
-598.476114168111849
-598.375757095907829
-599.385345320352258
-598.536272089761951
-597.565933992613054
-598.488071800419107
-598.447839914665224
-598.520791806680904
-599.378247530625458
-597.503203723640809
-598.561146212359404
-598.442400231547708
-599.385336476095290
-598.437885905749908
-597.498172029947227
-597.623726550098127
-599.507490633207908
-598.489736663613485
-598.310701605090117
-598.436599275153299
-598.314894241330194
-598.407280969312751
-598.826238454657982
-598.890280999007473
-599.164929654636353
-598.479743482278764
-599.419794890287562
-598.572779645584660
-598.407151450058564
-599.380318620396565
-598.474951920300555
-598.406364118510737
-598.381060174408958
-598.381825073818391
-599.244555567599491
-599.256565947596755
-598.074214099909454
-597.944221330595155
-598.905135571278834
-598.443246602037902
-598.377323172244587
-598.506727792457582
-598.636904756756280
-598.331331846122339
-599.388886550223106
-598.357680349323800
-598.488626551908737
-598.359278134509850
-598.342006238936392
-598.557845341443908
-598.316727789088077
-598.514496865702426
-598.403656952914616
-598.640743054413406
-599.165456512901756
-598.315488755196498
-598.314308651092688
-598.441146829724858
-598.442397425249737
-598.312587091302248
-598.444429109722250
-597.547058473423363
-597.641550126489165
-597.421108224885302
-598.328324289714260
-597.989583606756241
-597.442214386316664
-598.316314818215233
-599.384979138162180
-598.317091182405306
-597.480200032798848
-597.594435973678515
-597.466622153199182
-597.339066319482299
-598.484617092808321
-598.434107441872129
-598.306936195620551
-598.557180672797244
-598.699200759371934
-598.589581409532002
-598.293945250452907
-598.423982339324425
-599.381244734446909
-599.511266426136899
-598.281030441203256
-598.287020806449959
-597.517014837859620
-597.673816718541502
-598.349429562851242
-598.544542741453824
-598.521241124150492
-598.383413662696739
-598.281771054859519
-598.701490601263686
-598.165069829234540
-598.345690554496514
-598.374483168738379
-598.636561790663677
-597.685532750593211
-598.977391191006745
-598.253321988278458
-598.250601585614504
-598.382893460126070
-598.256998542694191
-598.313576238424162
-598.312754841279911
-598.221375567972245
-598.197777950794944
-598.221672041410102
-599.098440507263376
-599.226557301918319
-599.294164307945380
-598.324991722309733
-598.274635938167307
-598.384829142870899
-598.510956417169837
-598.978667322146407
-598.634081746030233
-598.443163336154385
-598.316205753419013
-598.205810008259846
-598.316047269540263
-598.186039172109531
-598.442570788959529
-597.944108614133938
-598.451217889306122
-597.989943578947077
-597.862412814363438
-598.936570927163530
-598.809508408718330
-599.063801563701531
-598.586381034598162
-599.259576598159811
-598.312430837755073
-598.568805030018780
-598.117530236379253
-597.991130491386912
-599.005312987200227
-599.132356359355185
-597.750181684258337
-597.623634753916235
-598.696041099076183
-598.185629397601588
-598.313173588449217
-598.486279111264366
-597.045427742160882
-597.674988090259376
-598.473890175941506
-598.603320664223020
-598.345665883302217
-598.215943417393760
-597.803282878934169
-598.488571560328978
-598.618038277762139
-598.273725274436742
-598.243638036955986
-598.874568167777284
-597.892023430652330
-598.145378270633159
-598.019329409945385
-598.358240411249199
-598.404591581612522
-599.259519083110490
-599.130712897197782
-598.276102830872219
-598.147463519962912
-598.021121192196915
-599.003866918476319
-599.387535238660121
-598.275460383583891
-599.123374440265252
-599.653348962623454
-598.174235277337402
-597.091676735653891
-599.379630419681121
-598.374599367981887
-598.268951575999836
-598.130770474163569
-598.258714018057958
-598.039963038434962
-598.576446783597021
-598.161072293912525
-597.723377858342360
-599.418484327467240
-598.405765575406576
-597.678331208597228
-598.384550457196156
-597.882742828736241
-598.148760110792182
-598.193989782864946
-598.490280084492952
-598.851711122237020
-598.124020882011905
-598.122516000268547
-598.081915101520281
-598.186986847425487
-598.224973975529451
-598.186712788448176
-598.439922624529117
-598.122932094610860
-598.981764305502907
-597.963996419640580
-598.185280696178097
-597.503595999407253
-596.975950257291288
-597.506863001065312
-597.024679449104724
-597.090128206366671
-598.238792495542953
-598.369560202948833
-598.495959824862325
-599.209985132471729
-598.348150771528026
-597.843370322459350
-597.136903837777709
-597.009862463354807
-598.242128519233006
-598.380140707487953
-598.606001351111217
-598.765442716028929
-598.856515594707957
-597.969409900625578
-598.151292818689171
-598.260479717652629
-598.638899880490271
-598.515717096123353
-598.389639912221810
-598.990145734710609
-597.847203100567413
-598.499551065064338
-597.945285623457494
-596.911037291171056
-598.629217643962647
-597.587190143005046
-597.462152851726159
-598.814417070810805
-598.332017370165772
-598.055574499074623
-598.117221932980328
-597.734160918543694
-597.605120627372685
-598.312803844316477
-598.070305074724502
-597.857575336351601
-598.459772645004250
-597.109787426316871
-597.623473984627140
-597.240072745574480
-597.367186287669483
-597.497590540838019
-598.068396713242691
-598.457015791704634
-597.985901792909544
-598.953508804298053
-599.149276525089817
-598.181570791520130
-598.610761210641385
-598.692568552036960
-598.566113241844278
-597.809463197892228
-597.941151015493801
-598.195225897702926
-597.682909339229013
-598.735408354493870
-599.386231233843091
-598.861868411117712
-598.993701432046350
-599.121502367305879
-599.249380054533276
-599.376090987818316
-599.506779287269865
-599.122229517776987
-598.994432338741035
-599.248942774077705
-598.867245539210103
-598.997091845969976
-598.742574396418831
-598.870171811287946
-599.377114951640920
-599.503942444152017
-599.379578578167411
-599.376786416025652
-599.249958605498477
-599.124027484802127
-599.121546770915529
-599.247913879393309
-598.293839505882261
-598.420546780779091
-599.377818364474933
-599.505187490098706
-599.248637007676507
-599.375117813650604
-598.424903148184512
-598.294394838547078
-598.995011729420639
-598.040922438927396
-598.167800263123468
-598.869461959194041
-599.123926819405710
-599.250612642252122
-598.068658229798984
-599.250868395421548
-599.377668996017292
-598.007727341011787
-598.031680662896974
-598.017700254314150
-598.145576394851219
-598.300883291958371
-599.128796267888561
-599.256473800574668
-598.700759191811130
-598.625124209588193
-598.743938273907816
-597.755108758430652
-598.851728138931776
-597.634313923198306
-597.744901943327932
-597.985142797625713
-596.877399200773766
-596.990158018002830
-598.058113851451594
-597.994223994970980
-598.576940787533658
-598.511206350782572
-599.594631566464727
-598.462925048306602
-598.332841134639011
-597.371082742742374
-597.495870666314772
-598.280190981610076
-598.053261085250256
-597.424622063831293
-598.846671997550175
-597.890186659139090
-598.024698359619947
-598.021158231194363
-597.980705416434603
-598.619722925363590
-599.498861023853351
-598.505812738778445
-598.823072126043257
-598.767756128148676
-598.094516701906628
-597.961015087691294
-599.316877133769140
-598.018898135142194
-598.279788381543085
-598.619813685715826
-598.486699882797438
-598.186531819048923
-598.055085085608425
-597.944716879201792
-597.927154604694806
-598.320602716888743
-598.057831961395209
-597.943424311585318
-598.854570916988223
-597.892557883423706
-598.849534481966202
-596.501489896922067
-598.718948203158334
-597.934993951302431
-597.930916770417298
-598.059577536356755
-598.090105102108851
-597.697233739143712
-596.923915275300942
-597.933538364129731
-597.532667487700451
-597.785903448280806
-597.658690942652356
-597.845259665531216
-597.916389131793267
-597.717863797414111
-597.727323539981171
-597.897445147284770
-597.498647677789222
-597.987412934770191
-597.858835741725670
-599.044772735649985
-598.492783629313635
-598.089016689590039
-598.114983920771465
-598.242533376862411
-598.368603306965724
-597.810453889258383
-599.210865568520830
-598.384533799031715
-599.465242838442691
-598.121305618475731
-599.340803307876286
-599.212058207189784
-597.870508994187958
-597.995960790673962
-597.535022946432150
-598.619746548765988
-597.911027576231959
-598.154852870593118
-598.040623984122476
-599.171921858939186
-599.510285883680467
-598.554083215913352
-599.380908774490081
-598.255537867211501
-598.424459181709267
-597.102135273006638
-598.366710804582340
-597.565059678255807
-598.000816831032012
-597.847314943152355
-596.758189063918280
-596.593053457851852
-597.929775084503035
-598.057170097506628
-597.746930969988739
-596.682577465359145
-597.783811331929655
-599.261987663537184
-599.167502610289262
-597.936257077850428
-598.318164307006896
-598.193227679356596
-598.066025560080675
-597.552459292147091
-596.897428226381408
-597.424993606585190
-598.318001275742972
-598.147740125813698
-599.390797463796048
-599.296360907017061
-598.314892545279235
-598.183610581403059
-598.758980058254679
-597.844607421088313
-598.895990574407847
-598.691663159742006
-598.485610787902033
-596.830366265940143
-598.410570119795693
-597.885436218997029
-598.515826750256679
-598.707526113198014
-597.681363964741649
-598.640963117562251
-598.614570915499257
-598.354960438372132
-597.939574341383718
-597.837138225530111
-597.390869339852770
