102.175875282999996
99.686010056000001
102.112547114999998
102.133666313099994
102.243503475099999
102.185486991800005
102.203665330099994
99.696039337000002
99.712060341699996
102.243268592000007
99.731498146600003
99.759626043500006
102.109215835800001
102.212783957100001
102.255155417599994
99.685325087699994
102.232162966700002
99.725584777999998
99.705523338999996
102.241595717799996
102.124669907400005
102.131705167099994
102.259801734999996
99.739309366200004
102.125232147600002
102.145831878500005
102.237299062500000
102.120285834300006
102.155709420299999
102.224365028299999
99.730168413900003
99.823691034199996
99.788321143100006
99.840582435399995
99.778040906000001
99.779335218400007
99.716808487199998
99.716852396600004
102.099933337200000
99.734157089400000
99.761609219500002
102.095375589800000
99.781458617400006
102.253674081100002
102.286860375700002
102.134317243200002
99.809249746500001
102.262372737099994
102.278211494600001
102.127904917799995
102.160882704299993
99.798542410099998
102.193043312200004
102.149446299299996
102.227019710799993
99.874450924399994
102.139978875699995
99.789463684200001
99.708839006999995
99.703254279899994
99.728332570800006
102.151392812400005
99.759493176500001
99.785886735600002
102.162600156300002
102.143810262000002
102.136086447099999
102.200392989099996
102.192921845399994
102.207798263399994
99.746513950199997
99.860581334499997
99.797255771699994
102.259104825799994
99.712061044799995
99.736429140200002
102.253235672100004
99.797793800999997
99.751978300000005
99.848429098500006
99.776594011900002
99.784977287100006
99.782867616600001
99.835973664299999
102.278176807299999
102.983956532600004
102.185469406999999
102.300706282600004
99.794290554599996
99.824605196099995
102.179948902099994
99.786491356100001
102.175815785200001
102.215097018700007
99.790224030499999
99.807687745099997
99.840901110700003
102.158202166099997
99.845106014899997
99.785040729800002
99.767090080200006
99.861271908899994
102.246298270500006
103.004449888899998
102.284699126700005
102.285417258699994
99.905319894200005
99.731169107300005
102.188007345200006
103.052573177799999
99.910372960399997
102.157366304700005
102.191149440600000
99.802462143599996
99.916821698199996
102.172466370699993
102.983729915900000
102.984986870800000
99.732045850399999
102.279033369100006
102.167395012599997
102.205445838700001
102.310183448199993
99.800444308500005
99.769372799300001
103.014762882300005
103.014680928600001
102.293109557999998
99.917726070000001
102.180523831100004
102.992880255100005
102.163746781699999
102.236266913600005
99.818625128400001
102.959992052399997
99.840841145300004
99.865948882599994
102.642353024399995
103.015453399600005
99.911563369199996
102.236181443800007
103.090329932900005
99.774400498500000
102.207174432800002
104.633892068700007
104.633160049899999
104.450505488499999
99.880717932099998
99.748239816899996
103.203246020199998
103.613797445100005
102.694890860900003
102.824241576700004
99.926282944600004
100.293120780899997
99.786616147000004
99.746906282799998
102.069512786999994
102.682281295999999
102.213989286300006
103.097618961999999
103.592881819799999
102.104238855000006
103.605482662800000
103.512704805100000
103.196601578799999
99.825146045599993
100.604284376400003
103.630581074099993
99.946014687000002
102.833574234899999
99.933418240699993
102.761554420200000
102.010145829199999
102.729248280799993
103.604396442999999
104.526383666900003
102.221748015599999
100.647835209899995
100.669484761999996
102.214490095200006
102.120655659700006
100.636076740899995
102.102763742999997
100.665924516700002
102.115194031399994
103.522990823200004
103.209119109300005
102.067168362199993
103.556444151400001
103.543298553900001
103.677675533799999
102.695229166999994
99.940805815100006
102.163657248400000
99.946223859400007
100.613837015300007
101.998036160400005
102.155625150399999
104.556296666300000
103.718479173999995
102.735711052799999
103.612033284899994
102.020012233399996
102.146044580199998
102.083654252000002
100.658191378799998
102.258698381499997
103.774829593500002
104.573669205399995
103.773121378400006
103.214145347100001
103.207643230800002
103.646594122200000
103.667547070099999
100.627328992900004
101.981423025100000
102.133237319100004
104.427161207300003
102.132749439299999
101.616801319999993
101.967045879699995
102.007892561399998
104.564920406499994
104.548244281799995
108.106361778799993
102.045356454599997
103.726640310500002
108.105473770000003
108.104685972900000
100.705161918599998
104.548871555600002
102.078582525000002
104.579867443099999
102.066694311299997
102.121944474399996
100.597276974099998
102.056729080799997
108.116647823700006
108.111237889400002
108.111164136200003
102.596775057399995
102.072670782900005
103.289337062900003
102.052722312200004
103.291724043200006
102.109778335599998
102.304252417499995
102.612999871300005
103.598633571400001
-1341.174925982290688
-1341.149828021616031
-1341.060775329184025
-1340.991732662213735
-1342.547246934615714
-1342.705802936265400
-1342.864992101004646
-1343.024964963115963
-1343.170738686602590
-1343.088875188344446
-1342.929362168995112
-1342.770528979810706
-1342.610289264641779
-1342.453475910656834
-1340.992199626014099
-1341.295094160144572
-1341.320187833583304
-1341.238071014274738
-1341.123238803199683
-1340.964804770090723
-1342.226451612711799
-1342.699879063547996
-1342.382801342894481
-1342.540487067330787
-1341.021838990213382
-1342.866831633591119
-1341.092897693462191
-1340.934771200331397
-1341.377869789055012
-1341.544713964456832
-1341.259539328912751
-1341.099785955211019
-1341.418398748171967
-1342.844130881033379
-1343.003776128714662
-1342.380746744798671
-1342.539343921376712
-1342.698826831458746
-1341.417134120114042
-1343.014415975792417
-1341.100908444343531
-1340.942102119459605
-1341.258967651295279
-1342.865772600481250
-1341.403712463829834
-1340.942533201152401
-1341.100737136592215
-1341.258793349006737
-1343.011087642559914
-1342.851107298769421
-1340.922811174944627
-1339.526193810979066
-1341.223455000215608
-1341.385862719833995
-1340.911279723763982
-1341.068423867741330
-1341.228210510342024
-1341.083004832075403
-1342.706304316389378
-1342.866187249634095
-1343.011965286465511
-1342.853759331851734
-1342.695328052072455
-1342.535050474144782
-1342.363856771825567
-1342.172497726462780
-1340.886762254978976
-1342.770186377867049
-1342.611479556467202
-1342.451249541922607
-1342.292507249092978
-1342.135814932024232
-1340.861963758821048
-1341.309211501279378
-1341.454470058341485
-1341.372384141739531
-1341.212856584042811
-1341.054256485990209
-1340.859089501594553
-1341.468588646031549
-1341.493224900291352
-1341.411205567944307
-1341.296386598424533
-1341.140125521606478
-1340.982130627913875
-1340.813596005190448
-1342.540129581655037
-1341.215473064824437
-1339.048404870358581
-1341.074899281873741
-1342.858010646360071
-1340.915117292225887
-1340.756440659420377
-1341.066301651642561
-1340.907513988552182
-1341.224308813749985
-1341.382308920966807
-1342.852443786345475
-1342.423971922584769
-1342.583142770650738
-1340.649352926195661
-1340.816041477610270
-1343.057162643019865
-1342.901686670707022
-1342.741872298334329
-1341.454403713194097
-1341.309129934237490
-1342.257170983614742
-1341.114692449569020
-1341.241727617549031
-1342.709071229619894
-1340.947861957349460
-1340.957332335904312
-1340.799099996659152
-1341.614129757855608
-1339.988595734732826
-1341.384422781146213
-1341.258137192257891
-1340.939846085082308
-1340.782605341078124
-1341.098997994311048
-1341.454623212128581
-1342.390076749396712
-1342.140284856495782
-1341.982728836074330
-1340.774893306161175
-1342.299761576334049
-1342.459016343134635
-1342.615925981651799
-1342.548583970381515
-1342.706854787126304
-1341.334261262872815
-1341.252255182915860
-1341.094567708933937
-1340.936442751453114
-1340.758262819169659
-1342.708102910586831
-1342.549673694427383
-1342.389420576583234
-1342.218218708019322
-1342.026858892362270
-1340.741183771274791
-1343.011423188285335
-1342.217582449124620
-1342.375652206351333
-1342.025830059276132
-1340.763603829963358
-1341.113870521008266
-1342.852554530254110
-1342.693761701227459
-1342.535605708337016
-1342.851566079257282
-1341.116615400929504
-1341.274695310463812
-1340.957853481684879
-1340.766285517386677
-1341.434809085218603
-1343.010763321399736
-1341.591648980327136
-1341.379062162095352
-1341.223017757114121
-1341.065364896338224
-1340.907508003418116
-1340.738972077978133
-1341.479515900270144
-1341.397428495378335
-1341.238877011614932
-1341.080378621139516
-1340.923663568748452
-1340.728436040945098
-1342.693619199268824
-1342.534599855050374
-1342.376047666353543
-1342.204844215581488
-1342.013485651097881
-1340.727845067503495
-1340.750738226571002
-1340.909321784736221
-1341.250286861537688
-1341.090319315861279
-1340.920741491907393
-1340.725502157074743
-1343.011155489830799
-1342.853046125775336
-1342.694401587064021
-1342.535932038069404
-1342.379128861745357
-1342.187065977271459
-1340.725989024104820
-1340.711050717015723
-1342.400567520498271
-1342.592853082366901
-1342.685220366898193
-1341.226955315947180
-1342.851284249576111
-1343.010750463790600
-1340.909762612722716
-1340.717083484751129
-1341.069731275232698
-1339.870016031326259
-1341.157446844788865
-1340.872814771900039
-1340.714570488485379
-1341.030184459462589
-1340.857286096440930
-1341.014107892691527
-1342.456615882445476
-1340.674464381405869
-1342.615651085902755
-1342.931447060637765
-1342.774703458466774
-1341.613857462971964
-1341.124944352203329
-1340.652875740293894
-1342.375583634380519
-1342.534282943148582
-1342.693034038444466
-1339.578874291732063
-1342.377264039060719
-1340.653566707148229
-1340.811620138334774
-1340.968208908933775
-1340.797974577803416
-1340.638702477039260
-1340.956750558665135
-1341.115451809744627
-1340.020677383316524
-1341.132355078531873
-1341.291872578915900
-1340.634732044029533
-1340.974257113732165
-1342.898283780975817
-1342.738137775752421
-1342.581140836464783
-1342.422318679443151
-1342.263922701830325
-1342.101912420372855
-1341.910327410416812
-1340.625654631727230
-1342.707125585810218
-1342.419148027102210
-1342.089400597170879
-1342.260627179781068
-1341.898049996563032
-1340.612333635134746
-1342.847447374648709
-1341.092154861680001
-1340.777151527744763
-1340.618193408252409
-1340.934596989951615
-1342.852076310327448
-1342.692555515841832
-1342.344381582954156
-1342.535855835584016
-1340.614639425355108
-1342.694473056662900
-1340.806796267904247
-1340.776956974997347
-1340.598786009845071
-1341.227210191135782
-1341.069507635087575
-1340.911352122051085
-1340.751620035284986
-1340.592144616815176
-1342.691982700687731
-1340.762799404958969
-1340.918289163408417
-1340.603998719162519
-1342.547882166360978
-1342.390761886475957
-1342.231493348303047
-1342.060658914315354
-1341.868485183779512
-1340.587231260455155
-1340.936058737533131
-1340.775442464018397
-1340.581110996825373
-1341.215461051508328
-1341.057058674906330
-1340.897148933165909
-1340.738598140359272
-1340.579424300579376
-1342.693155287057834
-1342.535901374839796
-1342.376613688784346
-1342.218392729311745
-1342.047569521746709
-1341.855415009035369
-1340.573853425281186
-1343.011920967621336
-1342.855659643502349
-1342.696280530438571
-1342.538736226300898
-1342.380314671744827
-1342.223387409084125
-1342.031337131243163
-1340.570122052626402
-1342.275911834300814
-1342.389245119419684
-1342.547446307933342
-1341.308892257932484
-1340.551750025351794
-1340.664591082382685
-1340.854824260532723
-1341.013997135381487
-1342.932127052828491
-1342.772128889305577
-1342.296335035886386
-1342.454724119275852
-1342.136645466784103
-1341.979961069494948
-1340.535166460550045
-1341.809858277988951
-1342.613429625191202
-1342.205188861594252
-1342.376093616636354
-1342.012918263834081
-1340.739916695873490
-1342.852482269416214
-1342.692965889825928
-1342.533828503226459
-1340.547729584073750
-1342.541100648257498
-1342.212010514436997
-1342.052777081640215
-1340.538131286504040
-1341.739542784828927
-1341.896672017551737
-1342.686747387287369
-1342.529887189282363
-1342.371081474774201
-1342.549965869222206
-1341.627778650763275
-1341.652406175347551
-1340.010597590843645
-1341.088741638352985
-1340.505194842784476
-1340.687972780114023
-1341.004461616907065
-1340.846763134091134
-1340.992651850657239
-1341.017752999953245
-1341.703495527855921
-1341.896157700384265
-1340.502113092707305
-1342.530505367797105
-1342.371070166768277
-1342.212270096813427
-1342.053320437737284
-1341.334782658987478
-1341.176653291974617
-1342.382971350645676
-1342.684645109343819
-1340.508989109180902
-1340.349316394451307
-1340.979300952534004
-1340.965074799772538
-1340.651966533433551
-1340.494626113489176
-1340.808422574681117
-1340.651861118929901
-1340.809310219445251
-1340.492981704526528
-1341.125026948170671
-1340.967334998249044
-1341.798138948029418
-1340.492039254954534
-1340.809074202491047
-1340.966295404864013
-1342.534727005724562
-1342.692860966979651
-1341.709088567623439
-1341.900672972368284
-1340.443592692748325
-1342.376730413301175
-1342.217700549869505
-1342.059753265430572
-1340.642026299338568
-1340.483306691570760
-1340.800341941256193
-1340.958232762781336
-1342.746091983432052
-1342.688001814085055
-1341.090547817414063
-1341.218071979901879
-1342.844289075226698
-1340.616404699786472
-1340.435388114798570
-1340.774320306656136
-1340.932719310796529
-1341.639166286141062
-1341.468406237297813
-1342.533857614529779
-1341.892454779837408
-1342.062440422031614
-1341.700809767053443
-1340.415502742958324
-1340.614870936353782
-1340.434092172863302
-1340.772836541853849
-1340.931053155437894
-1342.852553991662717
-1342.537628090948601
-1342.693857095533986
-1342.061484515855227
-1342.220013992624672
-1341.890411828956076
-1340.414149157397333
-1341.699056199935285
-1342.379289544400308
-1342.851613365891581
-1341.708874219091058
-1341.900552151587362
-1340.431795808874995
-1342.692701657530051
-1342.533841732138399
-1342.375139020590268
-1342.217082684350316
-1342.058418446534006
-1341.195148859654864
-1340.555207209865330
-1340.715979658494462
-1340.386914700485249
-1341.039123679750901
-1340.880816117896757
-1342.049462132092685
-1342.219525635827722
-1341.857705308471850
-1340.392546722390762
-1340.584221489479660
-1342.853710588708964
-1342.695228703532848
-1342.536178769404614
-1342.378448686194133
-1342.047041820309914
-1342.217934709547762
-1341.854789485505535
-1340.387108984400811
-1342.375827562687391
-1339.272421708594038
-1342.736845229146184
-1340.530495028659743
-1340.372718520651006
-1340.688466847438576
-1340.846485657375524
-1341.004825686010008
-1340.979583620126050
-1340.818780381972829
-1341.332719233476610
-1341.149679605234496
-1340.192559960529707
-1340.358692624771948
-1340.517402637230134
-1340.833905084333537
-1340.992286665781648
-1340.978088417500658
-1340.821851986544743
-1340.664024532597978
-1340.505860844714789
-1340.338529210108163
-1342.096609715418708
-1342.256525108108463
-1340.530529174356388
-1340.348946362915967
-1340.808190311114913
-1340.649982379673020
-1340.490748217998316
-1340.323449558636412
-1340.172957525557422
-1339.551323559627690
-1341.236875682401433
-1340.031959126102720
-1340.492971223735594
-1340.333273462780880
-1340.649959659483329
-1340.807299401470800
-1340.966024516400239
-1339.845345245882299
-1340.324129544064590
-1340.481224660354201
-1340.956323431058081
-1340.797420396349480
-1340.637759091968292
-1341.257618336092264
-1341.100516189040718
-1340.941281028880439
-1340.778296476190917
-1340.620250304659749
-1340.461672703223712
-1340.293616233292141
-1342.688165668064130
-1342.371155409213088
-1340.677498625987027
-1340.496891630175469
-1340.303472138639791
-1342.529288116718817
-1342.844951827061095
-1342.529236437513646
-1342.688653388412831
-1342.539800483651334
-1342.699183157917787
-1342.047189468294619
-1342.205825071515619
-1340.480339131394430
-1340.300020273702557
-1342.694664051235350
-1342.536780525892709
-1342.845530604840633
-1342.372276739508379
-1342.528409227842303
-1341.500563328241242
-1340.291367684808165
-1342.687839643187999
-1341.773515695159631
-1340.910970536914419
-1340.754035631729266
-1340.594177708851475
-1340.436227468600009
-1340.276935375196217
-1342.698527348811467
-1342.542026802692817
-1342.383950466434726
-1341.909051751995776
-1342.066311600168547
-1340.274147015937388
-1342.224930531095197
-1342.706437509503758
-1341.756305013955853
-1341.914230551774608
-1342.547673116331680
-1341.563808847611426
-1340.283362649150604
-1342.072055275332332
-1342.229815167827383
-1342.388811816663974
-1342.230922894091464
-1341.959229294750457
-1342.072769542732658
-1342.546794105583558
-1342.388123440219488
-1342.229814980021047
-1342.684705919481075
-1340.260797191230495
-1341.542368999179416
-1342.525846927843531
-1342.367209679821144
-1342.208305179288573
-1342.050022791382617
-1341.892132886714535
-1341.734351455385877
-1341.159563816596801
-1340.447571154820707
-1340.257805292280409
-1340.606338590041560
-1340.761827254407535
-1341.046727472613384
-1341.888433439409710
-1342.059338031540847
-1341.696207797178886
-1340.229871532430479
-1341.730363842780662
-1342.851710283241573
-1342.692235824325508
-1342.533565333125807
-1342.375217460893964
-1342.217381170012231
-1341.888664807466512
-1340.227453189380185
-1341.174592726061746
-1342.695331165104108
-1342.536353626881919
-1342.377234245424916
-1342.058783032759266
-1342.217476985054418
-1342.059246840150081
-1342.217243991804935
-1342.059193342814069
-1342.533955423717543
-1342.374940892283576
-1340.449456445670421
-1340.257323501593191
-1341.100454962788262
-1341.901272895718421
-1340.620350552248738
-1340.781990461360692
-1340.943419470604113
-1341.172725848706477
-1340.396506682022391
-1340.555742679126979
-1340.206928279508929
-1341.033301480455066
-1340.874444040802246
-1340.713734087267767
-1342.921913960046822
-1341.855677452618238
-1342.013133667416923
-1341.855931677139324
-1342.807670036821037
-1342.651817600010418
-1342.492979602140849
-1342.334671155122351
-1342.013414131262380
-1342.176465666493641
-1340.195044356661128
-1340.375032823670608
-1341.894812060008007
-1340.376079347874111
-1341.581056100189699
-1340.183916081585267
-1342.370329302260870
-1342.211383780215783
-1342.053415883476191
-1341.179727640150531
-1341.348369851585630
-1341.266495890038186
-1340.357516895358231
-1340.183322314795532
-1340.520971568513914
-1340.839242399354134
-1340.679450840201525
-1340.994769877649787
-1341.152408792875121
-1340.328440558539114
-1340.161162723097277
-1340.494933625106341
-1340.652144281052415
-1340.338498511535136
-1340.180603352902835
-1340.968357409002238
-1340.810216549702318
-1340.997549599984495
-1340.367710396458051
-1340.176171232897786
-1340.525799840745776
-1340.684067255268246
-1340.840428261573834
-1340.362203243372278
-1340.170339666693962
-1340.543983239163936
-1341.098690258103943
-1340.942060551265058
-1340.784349053288679
-1340.626408941223190
-1340.463527860444174
-1340.304696345305501
-1340.136745527037647
-1341.099012551990427
-1340.942735815216565
-1340.783971265584569
-1340.620931046882106
-1340.462247616040258
-1340.303323244640069
-1340.135300105086117
-1341.353363784142402
-1340.140726854127251
-1342.543398963472555
-1342.385717906616719
-1340.118435993155799
-1341.090757190603881
-1340.316016692552694
-1340.126440568463295
-1340.476730579742707
-1340.635397829359363
-1340.794311385923720
-1340.951335953614034
-1341.203887874422890
-1341.258296791367911
-1341.133028473686409
-1340.499793644677766
-1340.318597569275653
-1340.126145877343561
-1340.974330887410360
-1340.815388666225545
-1340.656150648242374
-1342.539540223512404
-1341.589972494462472
-1341.747933816721343
-1340.313389925728870
-1340.121490474803522
-1340.474781522203330
-1342.380684446572786
-1342.223630903923322
-1342.064747440401561
-1341.906163046109896
-1342.065044697565099
-1341.906815500370612
-1342.382067479840316
-1342.891268312627744
-1342.739743360799594
-1342.896725639089254
-1342.581224852653349
-1342.422752314539139
-1342.261803189952161
-1342.102956374233599
-1341.931316424795568
-1341.775441422457789
-1341.584472116172947
-1340.119241614642306
-1341.004114600992352
-1340.308154343945034
-1340.466827208090763
-1340.118277254958912
-1340.922147757834409
-1340.782731269882561
-1340.625703283801613
-1342.387202136833366
-1342.230574585076283
-1342.071996839533540
-1341.914933292639034
-1341.758814370625032
-1341.588802863552701
-1341.397263883443429
-1340.109537552006032
-1341.585391082161323
-1341.393173607062636
-1342.547573509511949
-1342.388956169095081
-1342.230433428938568
-1342.072150379107143
-1341.914147952626081
-1340.112744313013081
-1340.641444261730612
-1340.801340268768399
-1340.303808601925994
-1340.110853985971289
-1340.483482748066990
-1340.616391431959528
-1340.772856225591795
-1340.302153898377583
-1340.112387353498889
-1340.460939382931429
-1342.546231906870617
-1340.098910178268625
-1342.536137901112852
-1342.376704716022232
-1342.217451174504276
-1342.059732145177804
-1341.902543853811949
-1341.746509142306877
-1341.576262584032520
-1341.385531749321899
-1340.094318010155575
-1343.012492308100263
-1341.318278740435971
-1342.189760454569068
-1340.108705825059360
-1342.856218140972487
-1342.698824475206948
-1342.539511402794233
-1342.381791854132871
-1342.708564043082333
-1341.316245392560631
-1342.187914175891365
-1340.107179188264126
-1342.539390126972876
-1342.379938530141317
-1340.296826163948026
-1340.104236236223642
-1340.478132557746903
-1340.806608800384311
-1340.899693621788174
-1340.740870451953015
-1340.582173863805110
-1340.422399274291820
-1340.254207308745663
-1340.059536826446219
-1341.901159851310240
-1342.058270483779324
-1341.887313016920871
-1341.695160159906891
-1340.595721695294742
-1342.532975157157580
-1342.692365234692261
-1342.375432838079632
-1342.217290080096063
-1340.264039300319837
-1340.071970655865925
-1340.434944892828753
-1340.757417260175998
-1340.069293399527623
-1339.911333336576263
-1340.056292765646958
-1340.852312181065599
-1340.247666574620780
-1340.420202803895563
-1340.575935975657103
-1340.732204894108690
-1341.195354605604052
-1342.068402617652964
-1339.982604212375463
-1342.384650107484958
-1342.227795942929561
-1341.138076701340879
-1340.190523692460374
-1339.998321184002862
-1340.347539277688838
-1340.507725456598109
-1340.666094786119857
-1340.823108744846650
-1340.981626338693104
-1340.783640831969478
-1340.469042111711815
-1340.306138078639833
-1340.147778542613196
-1339.979828913430083
-1342.390619870869159
-1342.231230139354693
-1341.914230752714275
-1341.758122925119324
-1341.601555160403677
-1341.431554005810085
-1341.240035627382440
-1339.952058381978986
-1342.223510084817462
-1342.381063873914627
-1341.194118127539014
-1342.067165467120276
-1339.981672956146667
-1342.534764187165138
-1342.376121524336440
-1342.218234229166455
-1342.060219127990649
-1341.745450332435666
-1341.902064519723353
-1341.418442223634429
-1341.588764935363542
-1341.227576973242776
-1339.947050841290547
-1342.770304794599042
-1342.655328061340242
-1342.488332899139095
-1342.329129507631478
-1342.013687484444063
-1342.170703030216828
-1341.854583630178240
-1341.699483230673877
-1341.541463921885679
-1341.222071412246805
-1341.384349936594390
-1339.941631431176802
-1340.147581047567201
-1339.957699591376695
-1341.815454105341360
-1341.159086824667611
-1342.030683873865428
-1340.829253144935592
-1339.949509155085025
-1341.021277592326896
-1341.180591943396848
-1341.658016284149653
-1341.498436417287849
-1341.339161853030873
-1342.851817703437519
-1341.182048916726444
-1342.064443749779230
-1339.897019158906460
-1342.422622453208305
-1342.256055982662474
-1339.617080059932732
-1339.777183577991991
-1340.069884570878685
-1339.899879001214458
-1340.400444775767255
-1340.240388828048253
-1340.559839568144298
-1340.716642899457611
-1340.876335317250778
-1341.033663749229618
-1339.846634718228415
-1339.853665007602103
-1339.707852538000679
-1340.904158683194964
-1341.061420215774433
-1340.233225663394478
-1340.070248544584274
-1340.821796490030692
-1340.708509531691561
-1341.217541494984744
-1339.896896445640095
-1340.390312003793724
-1340.548755919763153
-1341.468195188041364
-1341.613936933559216
-1341.492872841169856
-1340.551980801748414
-1340.707844148839968
-1340.074492131768693
-1339.895363121126593
-1340.237473144332398
-1340.394508103174758
-1342.540780302248550
-1340.790415191818965
-1340.903663567176636
-1341.615247343490410
-1341.469633782143774
-1342.891738781487447
-1341.722431308097839
-1341.881863298164262
-1341.077689082518873
-1339.865511498460819
-1341.563059560907732
-1341.250226761113936
-1341.407761365452870
-1341.566770926588333
-1341.295769197441587
-1341.138560901339815
-1340.980136646805022
-1340.821795309983145
-1340.663150563075078
-1340.505183919197407
-1340.346736966521803
-1340.178892511379445
-1340.002115371051786
-1339.807649371382468
-1342.625952350997977
-1342.784378168598550
-1340.003675792195963
-1340.161120247948020
-1339.825714325970694
-1342.469028909697499
-1342.225404343929085
-1342.384140115368609
-1339.792226649124132
-1340.672249635337721
-1342.542304475282663
-1342.069023986540060
-1341.195529702715703
-1342.548699704155297
-1340.160882167946966
-1340.320431907886814
-1339.789861100292228
-1339.967736112866078
-1340.478527665329011
-1342.114973074274531
-1342.380846305660270
-1341.432483498753300
-1341.589654590959071
-1341.261642664901501
-1341.070065527947918
-1342.222474329967099
-1342.063847396300162
-1341.905252516457949
-1341.748086881799281
-1339.788980970743296
-1340.792611869593202
-1339.980464114590177
-1340.151293479065089
-1340.312099046139110
-1340.472335886798419
-1340.631105801665626
-1341.308476633143982
-1341.335453503042118
-1341.222179746404208
-1341.066141133001111
-1339.767629595658946
-1341.514402758717324
-1341.356064760990193
-1341.200755307639611
-1341.040930639092721
-1340.872517640048045
-1339.739796100124750
-1341.515977305972910
-1340.093720490161559
-1340.896294684601799
-1341.036546960221131
-1341.356553764575665
-1341.197958609512625
-1339.738748753035452
-1342.000576726541112
-1341.366080456825557
-1341.523867541691061
-1341.004319160000705
-1341.208109530148931
-1341.841689138753509
-1341.682950168172511
-1339.930923981869228
-1339.727212567753668
-1340.092328742213795
-1341.759744701491854
-1341.919100467977387
-1341.110935384749837
-1341.283442339406520
-1339.721084281959520
-1341.600321145324642
-1341.442169278384654
-1341.441752100882468
-1340.724887885173302
-1340.881870547442304
-1339.912338351977951
-1339.719444505116826
-1340.094126395264539
-1340.251595983120296
-1340.410121679620488
-1340.567425285017407
-1340.964145114488474
-1341.638971937732094
-1341.480353143519778
-1341.320842791787527
-1339.637926891885854
-1339.893589756242818
-1339.712360581182793
-1340.525799888410347
-1342.151689178161860
-1340.148300497000491
-1339.688131655905863
-1339.847583729774897
-1340.053040480123400
-1340.210446403769311
-1340.368387983297453
-1340.007291846695807
-1339.848606274304530
-1340.009451089824097
-1339.669990687819109
-1340.168705366765153
-1340.324283305079007
-1342.278273296742327
-1342.434398037431265
-1341.487919004398009
-1341.648539112759181
-1341.296374875141282
-1342.120441310371234
-1341.964836901520357
-1341.805534422117489
-1342.587422281580302
-1342.592784522077409
-1340.011675206375912
-1339.850976653528051
-1342.436648813574266
-1341.456506598240367
-1342.853749249766679
-1342.694841379459376
-1341.684582360192735
-1341.843885322654387
-1341.035885757688447
-1341.208382220033855
-1340.833165746950726
-1339.636665830545553
-1341.525126355331395
-1341.366900826581059
-1341.274854527250000
-1341.432189548628457
-1339.631998068972280
-1340.912454838341546
-1341.104003942246891
-1342.222215136708883
-1341.747232167264201
-1341.589272883237754
-1342.547791888217489
-1341.908155202050921
-1342.064370680961929
-1339.631116910411492
-1340.511318992783572
-1341.034478590269373
-1342.381086005753332
-1342.223357407139019
-1341.482831506239563
-1341.324050229621662
-1339.619540968756155
-1341.284653680475458
-1339.627582515104450
-1339.786656855176489
-1342.031164698036946
-1341.443214128225918
-1341.602086405853242
-1341.758420969978715
-1341.917298902907078
-1339.609656879983049
-1340.740163009624212
-1341.093956166073212
-1340.932593374554926
-1342.534847651079417
-1342.375807791290299
-1341.277037844715323
-1342.680365588562609
-1341.092274288703265
-1342.598602804808706
-1341.010258164636298
-1341.455412411637326
-1340.150545275117338
-1339.773505394932045
-1339.613989553370629
-1339.927865609962964
-1340.068531383519257
-1342.534218826555161
-1342.839525253525153
-1341.171750177418517
-1341.042440217631110
-1340.725004224489112
-1340.885029930015435
-1342.694206055947689
-1339.945535827685944
-1339.784717726735835
-1339.612962066385762
-1342.014856997759807
-1342.173157470776687
-1341.221593655455763
-1341.384371613910844
-1339.602737633642846
-1341.855801819368253
-1341.699910915733199
-1341.541827396415783
-1342.617375366292663
-1342.503088372086950
-1342.344715076754255
-1340.625290963389943
-1340.540817859920708
-1342.138831829919354
-1342.221187533103830
-1339.595613342775778
-1340.458484574781778
-1342.855527621921965
-1342.696035036925650
-1342.539197827690259
-1342.380557660478416
-1341.123282892926909
-1340.412042603390546
-1340.570021568323455
-1339.756668045094329
-1339.564590719695389
-1339.936907646176223
-1340.094801550148986
-1340.254571523838422
-1341.041253755921389
-1340.883580409504930
-1340.726820659456052
-1341.230121046658951
-1341.370410247693144
-1340.072599470902787
-1339.755475402984757
-1339.594017393228114
-1339.914918343751197
-1340.224330449751506
-1340.952836657986154
-1341.125354030466042
-1339.562944568485818
-1341.442215454951111
-1341.600901324520692
-1341.284455121448218
-1342.769000973476523
-1339.417737261293951
-1339.753113636360922
-1339.560225126738715
-1339.934758786162320
-1340.093176833339157
-1340.409960434834602
-1340.250576569664190
-1340.724284111730867
-1342.532493193008577
-1340.372885190743318
-1341.654468623210050
-1339.519025649051855
-1342.692323975466252
-1342.610183023557056
-1341.979617200588791
-1342.136525023622426
-1341.820608082160788
-1342.451551404810061
-1342.292529238892484
-1342.657351354967886
-1342.828964014029452
-1339.544182699053181
-1339.518840741849317
-1339.702153631319561
-1340.054404699333872
-1341.002903848140932
-1342.943182455655233
-1339.895950320214070
-1341.298257627729754
-1341.174478078701441
-1341.569459870838728
-1341.728580873415467
-1340.924926317852396
-1339.517942377086001
-1341.096614111717827
-1341.254039677434321
-1341.412970938047920
-1341.887742970768386
-1342.046564192219876
-1342.679525686578472
-1342.597414238532565
-1340.457140132786662
-1340.628836849238951
-1340.948197423004785
-1340.788561487776633
-1339.516841154918893
-1338.374950858890088
-1340.439689185300267
-1339.700677710511854
-1339.854575283679424
-1339.509128649266813
-1342.223268099650795
-1342.382083407071605
-1342.855371794242274
-1342.699083316727865
-1342.541059969239541
-1342.065386657975523
-1341.894868377774856
-1342.851540755155384
-1342.706262904444429
-1343.011193483183888
-1341.751770961522197
-1341.507053296789536
-1341.345191477234948
-1341.173883551489553
-1339.504519388514836
-1341.670197611894309
-1341.744988412162456
-1342.693592169987369
-1340.878317017207792
-1340.238639510862868
-1339.501915702311862
-1340.383914138097680
-1340.722583204606053
-1340.564620563873177
-1340.998426953426815
-1340.549736819534701
-1342.212302386468764
-1340.359869527690080
-1339.487307656340136
-1342.528191788151162
-1342.370150114003991
-1341.493447048765120
-1341.336900082411375
-1341.178105394591967
-1339.473808044862835
-1339.467238473715042
-1340.271216988585820
-1341.183688720419013
-1342.066435892659001
-1342.418193717217491
-1342.258386023170488
-1342.573798554694577
-1342.579277544498609
-1340.740601410371028
-1342.418201824548078
-1341.152873552975507
-1342.929343337698811
-1342.769898991353784
-1342.610697967087617
-1339.483781144529530
-1342.549839606148907
-1339.466737730509976
-1340.745534663544504
-1341.479849011321903
-1341.162215272210233
-1341.321267157243255
-1339.456327604743137
-1339.465013315054875
-1340.347246062164004
-1340.528799615851312
-1340.846682975425665
-1342.680270445091992
-1339.626551853499905
-1339.454782323962490
-1340.102891923059587
-1339.787325842633891
-1339.450377194115845
-1340.582242403342661
-1342.224080718125606
-1339.891816969803813
-1342.381990207456965
-1340.049242649113239
-1342.695824398776267
-1342.583098581607601
-1340.700948515543359
-1340.891180465973775
-1339.433614584411544
-1342.390817935210180
-1340.860825376420962
-1339.431571045228338
-1341.186980323227544
-1340.569162065717137
-1341.047560089423314
-1340.890024502426058
-1340.730605350257747
-1341.343743292814452
-1341.015204361098085
-1340.206454852071829
-1339.600729867083373
-1339.428243317905299
-1340.077610846941525
-1339.919560945499370
-1340.232036115483197
-1339.761944316923746
-1341.529065717691310
-1341.687870068376014
-1339.612707027265060
-1340.899119419804038
-1340.274838738591370
-1339.409687782614583
-1341.370993216479292
-1341.215364137065308
-1341.056879070597461
-1342.706056826231134
-1341.855062357855104
-1339.776053262134837
-1339.594878958735990
-1339.934493177923059
-1340.249993502052803
-1340.091416601781248
-1340.565017519726325
-1339.402019233025385
-1340.407607968226785
-1342.698908614046786
-1341.056227082604892
-1340.973575435840758
-1339.686002825434571
-1340.485093584805782
-1340.642105784583691
-1339.551903456088439
-1339.393726729306763
-1339.709587271137025
-1340.933029831189970
-1341.073286418196858
-1339.383597690568422
-1340.273095728035514
-1340.776824311485143
-1340.621182876315743
-1340.463004221844585
-1341.490270595511447
-1341.661529491597776
-1339.761424483351220
-1342.770191972482507
-1342.613514550911987
-1342.137474786979510
-1342.296064206700294
-1341.821595372588035
-1341.979064680399915
-1339.581706704754197
-1339.389075305238975
-1342.455791537523737
-1340.890494469464102
-1341.048613299020872
-1341.130487546024142
-1340.089605478525982
-1341.255579562444154
-1342.868425429257286
-1339.576240790466272
-1339.383308880712093
-1339.747683897269553
-1339.905836412718145
-1340.064440621814583
-1341.335194262141158
-1341.253177346967732
-1341.138348493832837
-1340.980120346455578
-1340.823854532013002
-1340.665472905211345
-1339.370087126869294
-1340.324595473715817
-1341.724863425824879
-1340.351482641581470
-1341.043861099209607
-1341.235412158283907
-1339.375291843608693
-1341.567534662144681
-1341.406027775508619
-1339.993800551746517
-1339.523506268123583
-1339.364324081768018
-1339.679504952795014
-1339.835640327767351
-1341.346671135363977
-1341.233852822564131
-1341.151252301058548
-1341.264948927384239
-1341.030101767705219
-1340.157513070845880
-1340.300671402159423
-1340.472238906098710
-1339.360406444473938
-1340.790729282325628
-1340.631355758690006
-1339.531672781681209
-1341.790682205641133
-1341.949077986610291
-1339.361390595284320
-1340.768745052688246
-1342.739895231520677
-1342.580444387306216
-1342.424381006445401
-1342.266263689858079
-1342.107863691494231
-1341.949464530012165
-1341.620429000747208
-1340.427118858836820
-1340.527742590112666
-1340.699361997214965
-1340.505230522681813
-1340.343488317598485
-1339.553541374486258
-1339.359652669343632
-1339.884175499631965
-1339.725201400549849
-1340.402353480812053
-1340.319537912085025
-1340.042323765380388
-1340.200905668286396
-1341.640063864462718
-1341.481357309981377
-1339.516613488187431
-1341.165586047245142
-1339.347654852140295
-1341.325112489986168
-1340.228340634174856
-1340.408199583425130
-1339.346348182654538
-1340.566159987130732
-1340.721894345831743
-1341.095998663126011
-1340.937806526932263
-1340.779494053487724
-1340.620691666005996
-1339.325427136642247
-1340.738736659498500
-1342.446996391950051
-1339.343535486151950
-1342.685559332477624
-1342.603676386846473
-1339.504438974395043
-1340.895552079613935
-1339.765684240575411
-1341.027631428965378
-1340.487434706705926
-1339.061983849709350
-1339.684064660348213
-1339.382934133446042
-1339.540284009035531
-1339.223210385165203
-1340.039205919970300
-1341.105338783289881
-1340.965920376186659
-1340.808487762948516
-1340.648893256422980
-1339.489638431766707
-1339.328101893867142
-1339.649124386251060
-1339.806670261977615
-1339.957510095375028
-1341.881033742323780
-1342.051731201519488
-1340.430235663686290
-1339.299232492174951
-1342.686158566760923
-1342.527193394163533
-1342.209648345256710
-1342.368058003634133
-1341.894403284625241
-1342.065225318141756
-1339.313374236272693
-1340.444421594640971
-1342.540371891075665
-1342.382275760973926
-1342.223062000133496
-1339.732070450591436
-1341.907084861865314
-1340.473659502904866
-1340.644470192802601
-1340.943750065154518
-1340.790871069075820
-1340.948247768193824
-1341.310545213854084
-1341.117532274593032
-1341.035527287829836
-1342.625383111795372
-1340.389595400716871
-1340.230901472617688
-1340.864020439713386
-1342.707064128687762
-1339.290578043689948
-1340.548220786289676
-1340.707486472427718
-1339.608633168076949
-1341.230344007298299
-1341.388694243822101
-1340.259746203181294
-1339.300076413398529
-1341.881919560066308
-1340.727838372099995
-1339.274792237547899
-1342.511688046849031
-1342.670079052798201
-1342.196439853430547
-1342.355675881275829
-1342.040038147762061
-1340.141769338421454
-1339.278945826775498
-1340.300257731468491
-1340.931673482701399
-1340.773498625785123
-1340.459048124128003
-1340.616188817932198
-1340.577891873747149
-1340.735107080647140
-1340.419146312221301
-1339.281270181924128
-1342.464587669470120
-1342.624248808519951
-1342.783214190530543
-1342.307065865504228
-1342.378115967368558
-1340.692745903878631
-1339.256432820736791
-1342.899690703051419
-1342.740572622258924
-1342.569836598979919
-1342.706915474808284
-1340.906895955456093
-1341.066679679871413
-1339.240623485761716
-1342.465633778078427
-1342.625139169854947
-1342.150188610901068
-1342.308270255902016
-1342.212546848361626
-1342.370310296069874
-1341.568055233964742
-1341.738080347130108
-1339.232125238371964
-1342.053635190755585
-1341.895509483573733
-1342.547470099470502
-1342.692754655331555
-1340.858465998410111
-1342.535800358373081
-1339.601359368238491
-1339.430728888649355
-1342.852275798381015
-1339.239305243693707
-1340.083964618095251
-1339.763079007693250
-1339.926396944198814
-1339.633780438492295
-1342.626611512932413
-1341.229385901463502
-1339.718269404012972
-1341.311831570018057
-1342.149760922352471
-1341.978697043442708
-1341.494482025071420
-1339.418097483321390
-1339.229408641557484
-1340.065736963252675
-1339.589169022790657
-1339.748569965104025
-1339.908174347164959
-1341.308619613805604
-1340.507752259738709
-1339.212705787827872
-1340.982083813229792
-1340.503409739987092
-1339.208136894289055
-1340.503455078332536
-1340.562967097743240
-1342.169702426540880
-1340.379380380788234
-1342.974629421419650
-1342.818775235790781
-1342.659926984434378
-1342.341362829059108
-1342.500372678511212
-1339.224135527537783
-1340.700183052808370
-1340.869984773125225
-1340.508769239575940
-1340.330376030213756
-1342.853380996062015
-1341.082658770841590
-1341.110580468140142
-1340.345446216067558
-1339.206755883681126
-1340.241587302949256
-1340.992518467629225
-1341.905951212415403
-1341.270779485523235
-1341.430217098320554
-1341.588554108968765
-1341.748450764744803
-1342.867542905520395
-1341.060155326042832
-1342.695412229567410
-1341.434237109539936
-1340.475890932392758
-1340.635127592144045
-1340.946603937778036
-1340.792282329654199
-1342.853536565694867
-1339.204924353820616
-1342.125160942127877
-1342.232505334678081
-1342.387695795694526
-1339.201988575417317
-1340.342965608967916
-1340.370437807373946
-1342.705538450686618
-1342.546556960577391
-1340.107722603827369
-1339.364109191377793
-1339.204783673287466
-1339.520537196405940
-1339.676903982890281
-1339.836849914720460
-1342.377984208613270
-1342.533135214556296
-1339.201788595306880
-1340.495883609959947
-1341.237331421837098
-1342.691756678617821
-1341.392453309268603
-1322.051219063971075
-1340.870422372162011
-1341.743849698992562
-1339.196418170307425
-1342.706441616216125
-1342.391258756423213
-1342.548669072529265
-1342.073331552817308
-1342.232188066350545
-1341.914803011531376
-1340.070450334449106
-1341.253691085858009
-1341.139600978830686
-1340.981089125510607
-1340.825023828046596
-1340.666696142037381
-1340.488982565397919
-1339.190113695359059
-1341.739919453415268
-1341.910312406903813
-1342.540902967687771
-1342.227755715741296
-1341.582173604525678
-1341.390330115537608
-1341.333982005843382
-1341.220614586706006
-1341.064969414737334
-1340.906844533966478
-1339.189199825602827
-1342.223577959125578
-1341.012680217911111
-1340.866070743391219
-1340.393638956564246
-1340.551614211011838
-1339.192311579988882
-1340.709713101759917
-1342.697185264647032
-1339.352572539342646
-1342.547662311188105
-1342.389923072820011
-1341.454927211217409
-1341.591312849774567
-1340.935819642438219
-1341.055545880247792
-1341.432207408560544
-1342.707158083858076
-1339.674231086365353
-1342.693710322564357
-1339.352458333577715
-1339.189591787512654
-1339.516532012963580
-1342.526838137086997
-1339.187212609049766
-1340.069205368930852
-1340.261954051437442
-1339.999926293570525
-1339.465028463423550
-1340.661427653124974
-1340.515902017850522
-1340.357629165465596
-1341.196612575399740
-1340.561000666412383
-1340.719367239076519
-1339.360532525312692
-1339.184523989701120
-1339.521842189322797
-1339.681981647434213
-1339.841081779661863
-1340.674087593844661
-1341.578473189309534
-1341.073039646381631
-1341.101267485345488
-1340.335775032658375
-1339.184297284621607
-1341.419993171519536
-1341.261818438153796
-1341.579665652920539
-1341.093649927438946
-1341.253746666970528
-1340.331464852067029
-1339.179822774017794
-1341.420461371525562
-1340.521860934073629
-1340.358935284837571
-1340.842503704270030
-1341.958727426861060
-1341.421455135288170
-1341.800889456319510
-1341.642242705112949
-1341.799608356391673
-1341.630748928177809
-1340.331243281194929
-1341.787966819017129
-1340.636040727406453
-1340.478873416089982
-1340.704237111963948
-1342.354944129306205
-1340.209408906581302
-1340.037636031106331
-1340.849787036055886
-1340.708130013595110
-1340.547676436940264
-1340.389086325355947
-1339.531251799737674
-1339.355533418144205
-1339.127646013446792
-1341.212977822773155
-1341.098143917885409
-1340.939678581229600
-1340.783053567334264
-1340.623800445526058
-1340.465473673586530
-1340.303164592604389
-1339.171278267755724
-1340.813416750489978
-1340.973795474122426
-1340.484640015886953
-1339.175076960862498
-1340.655760171943712
-1342.928902248729173
-1341.131615651047241
-1341.251260028730485
-1340.782989661649026
-1340.625040287804495
-1340.465885133179427
-1339.170062828608025
-1341.342265450181003
-1340.371141995624384
-1339.170577918004028
-1340.722370767326083
-1340.546416937020012
-1341.037780982508821
-1340.878505146033376
-1341.613502590800181
-1341.467778415016255
-1341.457113656707406
-1340.980984623725362
-1341.138866652389652
-1339.163535405621587
-1339.332304380395044
-1341.298424147080596
-1341.479711436474645
-1342.287783474886965
-1340.557697941133483
-1340.397628049540572
-1342.127457762244148
-1339.193153970228877
-1339.162572428741441
-1342.513350892586232
-1341.273293124837210
-1342.673206940733508
-1340.192059676097188
-1340.362770542632916
-1338.956771251527925
-1339.159585829726666
-1342.832399418931800
-1341.158107885164100
-1341.000916963392228
-1340.192650833758762
-1340.021935536060028
-1341.479086206766624
-1339.860114045952514
-1340.927485212336251
-1341.067704981396901
-1340.282863629984831
-1340.103344815813898
-1340.756309643253644
-1340.441755425120391
-1340.600509133891364
-1339.334011262880722
-1339.154478042280971
-1342.929229762871728
-1342.928441845949010
-1342.768950052192849
-1342.611668062637591
-1342.701466137903481
-1342.542222769097862
-1342.384128364584967
-1341.243427184326265
-1340.836446407632820
-1341.099335344305018
-1340.782777905882995
-1340.177414609118614
-1341.084791031632903
-1341.063259201147275
-1341.225953035385601
-1341.225655877992267
-1341.218973608345777
-1340.018072974488632
-1340.212963652959843
-1340.916132041246328
-1341.078110938307191
-1341.244992179752444
-1342.693249644591106
-1342.928881190588072
-1342.769356232256541
-1342.768457866448898
-1342.609083139403310
-1342.450337301212130
-1342.293171617647204
-1339.710733282224737
-1341.081453391983132
-1341.057506201183514
-1342.698579037108857
-1342.865505471227380
-1342.742570999704640
-1342.582872418452098
-1342.742132326542787
-1340.973336401388451
-1342.416040810367576
-1342.890205853165980
-1342.734731654506504
-1342.575310736368465
-1341.336471622189947
-1342.542121969918298
-1341.099133061390376
-1342.776229427529870
-1342.619259745745239
-1342.460032281942176
-1342.300398477985482
-1341.077082605856049
-1340.013664948236510
-1340.940946562624276
-1342.707759238740891
-1342.547491296146518
-1343.011841589277310
-1342.851719806501023
-1342.692556788770389
-1342.533765516661560
-1342.694564000099035
-1342.534742132921565
-1342.376717092206491
-1342.533841403015458
-1342.693598657299844
-1342.535558869188435
-1342.693517870563710
-1342.375657438211874
-1341.276870064056084
-1342.376518089519777
-1341.117292722313778
-1342.217435355296857
-1342.025782952611053
-1341.065027855348717
-1341.238925974286758
-1340.931714990576893
-1341.641757586738095
-1341.481947827828208
-1341.638489439184013
-1342.687638521808140
-1342.694452599409487
-1342.537180326051384
-1340.901290359736322
-1342.844652329641576
-1341.386586759627789
-1341.384962653261482
-1342.783745865087894
-1341.066861691091617
-1342.224117234532969
-1342.773114037110190
-1342.615809819066953
-1342.772605661195030
-1342.613446412046869
-1340.863354580388659
-1342.459664389316004
-1341.165873286739725
-1341.175305627627267
-1341.016898046456163
-1342.533648057808932
-1342.692351499582401
-1340.966785607518432
-1340.810054199742808
-1340.809336444405744
-1342.535139172244726
-1342.691587884857427
-1342.579150439828481
-1339.685649248353229
-1340.641503358525597
-1342.579187763436266
-1342.579609162708493
-1342.420784408112468
-1342.260310391679468
-1340.049891257339823
-1341.092599676535201
-1342.382684498034905
-1341.473206784191234
-1340.977454484355349
-1340.965606225898227
-1342.578409149382423
-1342.738497761391727
-1342.420266011961985
-1342.547022896920907
-1342.389873482968142
-1342.388602488310653
-1341.093748436446731
-1341.213853179713624
-1342.695151041494910
-1342.535041211219550
-1342.376814361013203
-1342.853427021366770
-1342.697648432767892
-1342.539183813639283
-1342.434275328501599
-1340.741971843697684
-1342.612601306632769
-1342.454205410208033
-1342.297026801064021
-1342.137317452495836
-1342.294475939922449
-1342.455181182207752
-1342.139630524882705
-1342.613869324528878
-1342.851124877978691
-1342.692527636744217
-1342.533977622196289
-1342.692568284821391
-1341.638603133558490
-1342.370033399573686
-1342.528871590985545
-1342.688072063303480
-1342.369436922727118
-1342.528530204128174
-1342.897920204861521
-1342.855669490355012
-1342.857003750529429
-1342.852186179597538
-1342.852684803392322
-1342.851966948383506
-1342.815761405662897
-1342.770209408086203
-1342.584599025724401
-1342.707873325377250
-1342.708496611662440
-1342.697529412171662
-1342.854819743608459
-1342.696774672811671
-1342.696912145366014
-1342.853139461063165
-1342.854994456159829
-1342.696778784705657
-1342.851763299499908
-1342.694816267682882
-1343.011243862793435
-1342.691212483508252
-1342.854289199425239
-1342.692861805620623
-1342.692743471450058
-1342.691763012021283
-1342.850835429314429
-1343.013322014813866
-1342.685679108237309
-1342.685406063938444
-1342.686092586079212
-1342.685237341120683
-1342.603300719240451
-1342.685438475736646
-1342.648816124815994
-1342.623703330331409
-1342.616802058119674
-1342.575717569520975
-1342.575599807328899
-1342.550424433412900
-1342.659773577473970
-1342.546208384861075
-1342.730951035731778
-1342.547632994138894
-1342.542668341033732
-1342.539938713008041
-1342.538545264623963
-1342.539025562000461
-1342.696590610552448
-1342.695937141910917
-1342.538762277159549
-1342.697589326071920
-1342.535106772991185
-1342.693816698800674
-1342.535778861042672
-1342.534855226727359
-1342.692966828336012
-1342.533849288420242
-1342.534521898713137
-1342.534785167148129
-1342.533571954069203
-1342.692612735646208
-1342.533743416274547
-1342.692301066917025
-1342.534035073127598
-1342.533027924805992
-1342.691779032335035
-1342.529951171235098
-1342.530182241584043
-1342.527820407322452
-1342.527179504089872
-1342.526580105155290
-1342.688649613475945
-1342.526891366051586
-1342.526177721017120
-1342.526745269424509
-1342.526045882506196
-1342.772471577187389
-1342.466332949769139
-1342.453940363546280
-1342.451313821026361
-1342.444463762233909
-1342.581302969109856
-1342.422327897578270
-1342.420242236278000
-1342.414304261237930
-1342.534316166546432
-1342.414455587819702
-1342.390532492777311
-1342.549039868199088
-1342.547970994490242
-1342.390531427071210
-1342.389826547458142
-1342.707144174713449
-1342.547874167799137
-1342.574580525229067
-1342.573172363644517
-1342.692976658401221
-1342.705828972463678
-1342.388574873375546
-1342.546620581976185
-1342.387856593294828
-1342.384510635308288
-1342.382040883762556
-1342.382992613418537
-1342.381110192309734
-1342.539924199420057
-1342.381727210831741
-1342.538507412922172
-1342.382168756847932
-1342.853707548290458
-1342.537265203307470
-1342.378338754941751
-1342.536806563778782
-1342.695521113978430
-1342.376941463818639
-1342.535360333559083
-1342.375817054313302
-1342.693038262095797
-1342.376075746341485
-1342.376461608985437
-1342.692043234551193
-1342.376792257021862
-1342.375505661499119
-1342.533688809653313
-1342.375313002105258
-1342.533004394307227
-1342.534237367533933
-1342.368438324519047
-1342.526880427927608
-1342.529373056171607
-1342.370427409665126
-1342.514049853438792
-1342.695257702044955
-1342.537196700264758
-1342.333956860322814
-1342.329085904588283
-1342.455392543882681
-1342.623800670301534
-1342.466664755064130
-1342.308094327454000
-1342.454905143100632
-1342.295547972540135
-1342.613733028356592
-1342.773244129940394
-1342.295272773876832
-1342.929979800132287
-1342.613594589665581
-1342.610618787954991
-1342.273188066904822
-1342.429008673173485
-1342.261393019588468
-1342.422373340743206
-1342.580885327475698
-1342.737859086753588
-1342.578804852534176
-1342.260607394246108
-1342.101846290704771
-1342.420640100042647
-1342.261760555531055
-1342.419827920507942
-1342.230958550079549
-1342.388174286403455
-1342.547316770467660
-1342.225652767726388
-1342.226421372406548
-1342.385795031585758
-1342.382645062878055
-1342.224713525328752
-1342.223509511575912
-1342.383284599432727
-1342.224330524074958
-1342.381858483945507
-1342.539520557769720
-1342.383070424661582
-1342.220388482881617
-1342.536922709427017
-1342.219811829954551
-1342.378263671638024
-1342.536969080959125
-1342.218105430628384
-1342.218348574932179
-1342.378552504439085
-1342.534953695556851
-1342.217747104814634
-1342.377052903363847
-1342.534901986961813
-1342.697256912731973
-1342.534481149888506
-1342.694215350214108
-1342.374912667484750
-1342.533528429341459
-1342.216705651297616
-1342.217603633497902
-1342.375940079867405
-1342.534741916127132
-1342.692483223697081
-1342.216636420010445
-1342.374697059952041
-1342.532779710658360
-1342.692094840936761
-1342.216947342118374
-1342.374939302479333
-1342.532513546314021
-1342.374010933641557
-1342.210925885006191
-1342.533200863531874
-1342.375593114924641
-1342.374386639790373
-1342.533081837660802
-1342.210748017242622
-1342.369158165561885
-1342.368104798957120
-1342.210108733859670
-1342.527481250713208
-1342.208110646695332
-1342.367517336537958
-1342.526004440841461
-1342.376889840881176
-1342.218179360599152
-1342.319722277906294
-1342.206091344459765
-1342.171947481799180
-1342.379918236768845
-1342.222689304782762
-1342.537502266741740
-1342.697376841749247
-1342.186378405176129
-1342.856328925210164
-1342.135499405482506
-1342.293704812455644
-1342.452337180679251
-1342.294283972242511
-1342.122545441040074
-1342.116435013916544
-1342.274464619923265
-1342.433293596032172
-1342.616747042589850
-1342.550449983077215
-1342.392614272415130
-1342.280905326598258
-1342.263921358395692
-1342.434014450126824
-1342.262993458844448
-1342.106999676646865
-1342.549223046395582
-1342.421149669485658
-1342.928975707433437
-1342.077965242941673
-1342.072802584279088
-1342.072658634374875
-1342.389622013023654
-1342.071620101507278
-1342.230505690242353
-1342.160084769359401
-1342.388350564447592
-1342.547317310276867
-1342.064549712225244
-1342.222820154338024
-1342.380929773931712
-1342.067183967847541
-1342.225199492932461
-1342.384192492116654
-1342.067147942958400
-1342.224747584780744
-1342.382563140014554
-1342.383329484003525
-1342.226129330734466
-1342.064583699347168
-1342.222891641120441
-1342.380720120444039
-1342.059948098821906
-1342.376561676428537
-1342.217926548700007
-1342.532994199794530
-1342.058885714875487
-1342.217020646859055
-1342.059029040673522
-1342.058622437289159
-1342.217115990474667
-1342.374961204433021
-1342.057968439399019
-1342.536606474225209
-1342.534140565881899
-1342.374666837560198
-1342.533544860609027
-1342.055498225605561
-1342.213635724162486
-1342.369173455583223
-1342.211288790449998
-1342.053601137990881
-1342.211321517913802
-1342.053681321752265
-1342.525623419800468
-1342.372577028710339
-1342.366739726534433
-1342.047259908642445
-1342.040720462723357
-1342.037847840746053
-1342.196259649130752
-1342.731356549533530
-1342.027276123325919
-1342.018962702445378
-1342.177044553632186
-1342.335325109462246
-1342.015266687780240
-1342.012828451888254
-1342.001218644461460
-1340.617084922386312
-1342.294747305289093
-1342.119124179130722
-1341.963391798288512
-1342.611629776368090
-1341.033388947184449
-1341.946250295582558
-1342.105058956793755
-1341.946542279291862
-1342.738825673588963
-1341.915858841471163
-1342.073957966087164
-1341.946747988220977
-1342.529327857731687
-1342.898534524561455
-1342.420981699380945
-1342.262230113880833
-1342.104379233903273
-1341.916215857983389
-1341.913926456302306
-1342.071927090134068
-1342.229685243056110
-1342.388254483063747
-1342.547221241114357
-1341.614216283484666
-1340.991233655294764
-1342.388393459710642
-1342.865449634872220
-1342.706296513003053
-1342.547109239753809
-1342.546782894484977
-1342.232846221631007
-1341.905871674641730
-1342.064649752848027
-1341.905701435175388
-1342.221592822266075
-1341.905358975072204
-1342.224042021184005
-1342.064793098882546
-1341.903293402792769
-1342.222632452385824
-1341.892395369140559
-1342.049661987903619
-1342.209005275963818
-1342.052713281672595
-1342.051267725749994
-1342.212924879366028
-1342.055247050399885
-1341.871383179068289
-1342.585645374566184
-1342.344621101799930
-1342.371402414531076
-1342.530684408791785
-1342.030486421839896
-1342.188699723052423
-1342.347057029769076
-1341.813476902985485
-1341.970400483101457
-1342.128632517961250
-1342.285447968379231
-1342.444058969492289
-1342.855083621825770
-1341.151983913248841
-1341.311371127354278
-1341.961138113849302
-1342.383494896997036
-1342.126410983453525
-1341.969361109747297
-1342.127576681270284
-1342.285171427719661
-1342.286187073349311
-1342.128125809673747
-1341.917785322458258
-1341.758983139599650
-1341.999899169006994
-1340.603018090616615
-1342.742316089596216
-1342.900124005269845
-1341.747882997076658
-1341.905956016245227
-1342.062955860528973
-1341.747441079317014
-1341.905398873546346
-1342.063221260592400
-1342.222347119324468
-1341.747400756887828
-1341.905417122259678
-1342.222226001247464
-1342.064396952268908
-1342.064670355526914
-1341.906240022008888
-1342.064070298747993
-1341.746129302493046
-1342.377846379561333
-1342.708212577443874
-1342.219867668675306
-1341.911314365862381
-1341.752558704013154
-1342.069894555726023
-1342.054204867770750
-1341.895422662597412
-1341.738788454472797
-1342.209485637670696
-1342.367965812321472
-1342.686145908085564
-1342.226630432867296
-1342.067924052017815
-1342.368266630348671
-1342.209024967924506
-1342.050704609867580
-1342.367491057357711
-1342.526597840636896
-1341.894061789797433
-1342.370396899402976
-1341.728777692715084
-1342.052383105767376
-1341.725945926259328
-1341.713306600101532
-1342.210820788498950
-1341.885425614403630
-1342.002753878396334
-1342.852917363354436
-1342.695520634052855
-1340.834034147919965
-1341.310254199624751
-1341.655944936214837
-1341.745425624045538
-1341.807028146140965
-1341.639396475465219
-1341.617130547378792
-1342.740066131950698
-1341.599427090372956
-1341.600766457434020
-1341.759602952078467
-1341.590424225424385
-1341.749147475698919
-1341.906766631080018
-1341.592873540642131
-1342.707919606958740
-1340.992174491426113
-1341.759648340497279
-1341.589501180121715
-1342.076179166270322
-1341.455346736369393
-1342.548518996758276
-1342.706863694753338
-1341.587119304046610
-1341.905230656191179
-1341.745925718048284
-1341.888018903140164
-1341.726172246300393
-1341.887468304048980
-1341.572286513315248
-1342.854376496110490
-1343.011666170093122
-1341.909158733127470
-1341.696419565231736
-1341.855053110995641
-1341.555842139377546
-1342.188713002106624
-1341.847198403665288
-1341.688392703023055
-1341.525529020980457
-1343.011833976577464
-1341.684364138041929
-1341.202504557014208
-1342.770290078584594
-1342.770077102950609
-1341.309955953004419
-1341.150770104659387
-1341.500583490507324
-1342.536070342868015
-1342.929736929124829
-1340.349491198864143
-1341.038793048178377
-1341.195676569848501
-1340.810510355958058
-1340.508693474766005
-1340.664849584082731
-1341.354877529742225
-1342.693337650423928
-1341.483681785711269
-1341.480456723470979
-1341.480027438070692
-1341.638758267981757
-1341.197995760482627
-1341.510313141813185
-1341.508271547459799
-1341.457966728635029
-1341.982571932478322
-1341.824426734551480
-1342.298701624098385
-1342.142125583351117
-1341.667195764919825
-1341.982588337218203
-1341.667687422574545
-1341.825204710002026
-1342.425300367606951
-1342.581553304294857
-1342.583968234610893
-1341.825058060146603
-1341.759742127194158
-1341.601062348888263
-1341.443110344829620
-1341.918600858479294
-1342.388036583950679
-1342.547252563719439
-1342.705936377954458
-1341.432319770762433
-1341.590232878208099
-1341.747476792327461
-1342.063322778309612
-1342.380907410003147
-1342.930075059312912
-1341.532062916593986
-1342.763062928921727
-1341.411684568050987
-1341.729024920960455
-1341.569436335102864
-1342.046726297694704
-1341.412941184391912
-1342.539728342393801
-1342.382057192550974
-1341.333768980800414
-1341.409388552681548
-1341.571235550570918
-1341.729579047193283
-1342.160855193226553
-1341.888628180238129
-1342.540392470343249
-1341.567751529709767
-1339.847759565531987
-1339.685808441195604
-1341.726761817176339
-1341.550949841717738
-1341.395010696333657
-1339.981344859866340
-1339.823514700105079
-1341.201118176694536
-1341.041778304252375
-1341.211066234605596
-1342.999159870927542
-1342.524192851433554
-1342.683664221741083
-1342.842575363188189
-1341.262394300378674
-1341.386570462107557
-1341.554148608781816
-1341.710562243004006
-1340.296787609834155
-1342.852207424218477
-1342.694910740175146
-1342.853777746771129
-1341.380174052286065
-1341.857791148808019
-1341.059265057139100
-1342.331151379865332
-1341.393053526388030
-1340.662141759282804
-1341.411083631489191
-1341.296842717433947
-1341.138095962804755
-1340.982147790727822
-1340.821192662242311
-1341.841876523659266
-1342.852853274503786
-1341.354923903743838
-1341.667588660528736
-1341.510949929844628
-1341.354224819542424
-1342.225243485733245
-1341.375646506771091
-1341.333816697777593
-1342.535222027936697
-1342.377986069092458
-1341.150789911343963
-1342.694942992771985
-1342.537584655487080
-1341.460521320980433
-1341.848784713228270
-1341.692955346166855
-1341.535469070091040
-1342.854051731928166
-1341.979177915919308
-1342.757744865631594
-1342.598427265743339
-1342.852032394977869
-1341.498726117557680
-1341.337106685063645
-1341.335712751006213
-1342.917290636087273
-1341.321556112917278
-1341.480257518408280
-1341.293678319198307
-1342.598730625251392
-1342.758192386814244
-1340.341851022658147
