103.656671470399999
103.838499124199998
103.686636146799998
103.587369961400000
103.673255741399998
103.861624412599994
103.796331922299998
103.844383313400002
103.848822669800001
103.697466524000006
103.828402702299996
102.247137453999997
103.632230203000006
102.248301563400005
103.699059058000003
102.280732931800003
103.910207815299998
103.820956147499999
102.251404010200005
102.256441707600004
103.872763923799994
103.796784673399998
103.798872846999998
103.835014910300004
102.248572800800005
102.266812338500003
103.649668492199993
103.882444322200001
103.833285812400007
102.303789665099998
103.829924353400003
105.843856576199997
103.885486884100004
106.018097020300004
106.618445154400007
106.083144248899998
103.881984235499999
105.900330732399993
103.850492491599994
106.004311820100000
105.916890986200002
105.923818844500005
109.013309350000000
106.626641168800006
106.204340623600004
108.978213849100001
103.890148599900002
106.108074804799998
109.090038098600004
106.226562050200002
106.059224754699997
108.989692043800005
106.125029607499997
106.269943190099994
106.000520726100007
108.173539539700002
106.158748077699997
108.926995284000000
104.766071141799998
109.147142976699996
106.236486130200007
106.256645207500000
106.175860826199994
106.256885461699994
106.149026706900003
106.203642690300001
106.278189258500007
106.148075814999999
106.148999128100002
106.323535830200001
108.197304198699996
104.667801176400005
104.748677545700005
106.214255309300000
106.216613393599999
106.142566787600003
106.022763474900003
108.310885694600003
106.069611613199996
106.257024702500004
106.175775666899995
106.155186169600000
106.162591129600003
108.214585719200002
104.402541801400005
109.044015995500004
109.072995578499999
109.070696654200006
108.569883638299999
106.162472042700003
109.019128869900001
108.274598832099997
104.625995572600004
108.280197127899996
108.314510769400002
108.315260398800007
104.667024475700003
108.568194864800006
108.420490180300007
106.324180695300001
108.991521507200005
106.160216634700006
108.685055276900002
104.416430832499998
108.537431786300004
106.326672436799996
106.178895966400006
104.421012112800000
104.425120395799993
106.188200885100002
109.051911571000005
108.519312406599994
108.576341306499998
109.881626699600005
108.451192694000000
109.112309135999993
109.891377719900007
111.176604378199997
104.633350373400006
111.216542655300003
109.069310702799996
108.325738416700005
106.202303220000005
106.095754358899995
108.337420618500005
104.461242691899997
102.116200833199997
108.664042402099994
108.437112332100000
111.352231995400004
106.205376915100004
108.518493635900001
106.989318838499997
108.737949068600003
108.333792967799994
104.942976895699999
106.182312492400001
108.578047108800007
111.188068551000001
106.298898182599999
104.632821128499998
106.280000176399994
108.597965819300001
105.362856343499999
109.858203394699999
108.569493238000007
103.709890936700006
108.514339707500000
108.560378654499999
110.843580105699999
111.179567213300004
106.883817148199995
103.632501515000001
105.562171175900005
108.489204837100004
111.328706066500004
110.764973077400001
108.731999590499996
106.339027518400002
111.302548738599995
106.782365650200006
111.382827606299998
107.000006509299993
108.752378882000002
109.064914847500006
111.257722297800001
108.745760060500004
102.186013806999995
108.629400912700007
105.457334497700003
108.651679832799999
108.379536462100006
108.665881153800001
109.079312158600004
106.344630179899994
108.418422798600005
104.655472397300002
106.323090441900007
103.881878199799999
108.618546014700001
108.366185354099997
108.695424998700005
108.524734005100001
110.856042902400006
108.394682492000001
108.613905770100004
105.454108970500002
109.903414995899993
108.495577868200002
110.751446049899997
110.870084629299996
111.374721503399996
104.303961818000005
111.339388365299996
110.600215974199998
107.842573575399996
107.755919367199994
108.425308456899998
103.645217586399994
108.556522708200006
108.543438864899997
102.085053013600003
110.652280827400006
108.284138470800002
109.187197101400002
111.394310891900005
110.099896463400000
107.913793266100001
108.297861448199995
107.915103201799994
111.505127408099995
111.315125258099997
110.920224412600007
108.615979201100004
108.775093613799996
108.537797626900002
108.330347927299997
107.051021534699998
108.412179232300005
106.364637003900000
105.425929285899997
106.368078702700004
108.659100923099999
109.777269694400005
111.376641913499995
108.639329475699995
105.620833490999999
104.401204396899999
108.686500547199998
110.573784854199999
106.919006919699996
110.606652862100006
105.564344117199994
102.224736480100006
105.561750979400003
105.393585417300002
109.891677190500005
108.387198671500002
105.858486019500006
103.928758540700002
107.802239109100000
104.024570962100000
103.811201971399996
108.464374813099994
108.312284860299997
102.122325379700001
111.021566266299999
111.319701114400004
108.407072342099994
110.623398867299997
-2113.648084173265488
-2113.806112373705218
-2113.480535095925006
-2113.949929668490768
-2113.791565672921024
-2113.629509919973771
-2113.468197019827585
-2113.973268608469880
-2114.115093295912175
-2113.956613499944069
-2113.792588952980623
-2113.621113202231754
-2113.440099254722554
-2114.685722670401447
-2114.970264576304999
-2114.826293175673072
-2114.747728614906464
-2114.100465932437601
-2114.265806994366358
-2113.434187696173012
-2114.587847914713166
-2114.425965897650713
-2115.070850063122634
-2114.910060475210685
-2113.577999763905609
-2114.242478485684842
-2114.587417089303472
-2114.421935355169808
-2114.665581733157069
-2114.809626851900703
-2113.970961261477896
-2113.488840128798529
-2113.321282004649674
-2115.135951465262224
-2114.993968143759048
-2114.912568774345345
-2114.434213774769432
-2114.592075823083178
-2114.268771023855152
-2114.752583661751942
-2115.236060345684109
-2115.074900433004132
-2114.114665540787428
-2113.816554185745645
-2113.591510010665843
-2113.425206983205499
-2113.769790004864262
-2113.983777431496492
-2114.125188135682492
-2114.082434616655064
-2114.261847304598177
-2113.418174269061637
-2114.427289717691110
-2113.420183849335444
-2113.598181254496012
-2113.764847619858301
-2113.924711449366441
-2114.082937895854229
-2114.760145909368021
-2114.215013430799900
-2113.956626498516016
-2113.798268464308421
-2113.633735525022075
-2113.471836456690198
-2113.304330631412995
-2113.798583180017886
-2113.636896144234015
-2113.465167259907957
-2113.299063461267906
-2113.956296780157572
-2113.791724880440597
-2113.466806639242805
-2113.628741691537471
-2113.299415057956594
-2114.217223150501923
-2114.057827985731819
-2113.895352931222533
-2113.571207556577065
-2113.730863000970203
-2113.408657974932794
-2113.241030012389274
-2114.995347957840295
-2114.853306697626977
-2114.832993399532370
-2113.690812297788398
-2113.852578464091948
-2113.512475787717449
-2113.332603257669234
-2114.692189426509685
-2114.517313807422397
-2114.675789933197393
-2114.529669168147848
-2114.908482069781257
-2113.929427060053513
-2113.254959330293332
-2114.586093066571721
-2113.637140277821345
-2113.313310917748368
-2113.474176349986919
-2113.146662784766704
-2113.793828480908815
-2113.635950574537674
-2113.471413323288289
-2113.309273627303355
-2113.141801602462237
-2114.690950939681898
-2114.533641051901668
-2113.550189758176202
-2113.708784125533384
-2113.388387274177148
-2113.210180234030304
-2113.868861360928804
-2114.524974735390060
-2114.829753880881071
-2114.667397116075790
-2114.002538772200751
-2113.525125925892553
-2113.686719707331122
-2113.346787360264898
-2113.166920946879145
-2113.845041241659146
-2114.057023408386158
-2113.897661434558813
-2113.731085658539087
-2113.567880236681958
-2113.405806024332378
-2113.240550382238780
-2113.074367712913045
-2113.402882794315701
-2113.236667759150805
-2113.065418245873389
-2114.256431427829739
-2114.356300597185509
-2114.197096678505659
-2114.034601502166424
-2113.876333903628165
-2113.714927728626662
-2113.556237896563289
-2113.395047996086760
-2113.234217381610961
-2113.055123168238424
-2113.485226102433444
-2113.326418098766680
-2113.164670972205386
-2113.003197417462616
-2113.472740794519723
-2113.310790230038492
-2113.149952071009466
-2112.982969263382984
-2113.957051628457975
-2113.637502870960816
-2113.474559852610128
-2112.977214545377137
-2113.142770116936845
-2113.313932074761851
-2114.269553638760954
-2114.429537677178814
-2113.280947711748468
-2113.446537019066454
-2113.103436663008779
-2114.748039106268607
-2114.589209219639997
-2113.947434258901922
-2113.268714167812504
-2113.634596544490250
-2113.472887368521242
-2113.306408121566164
-2113.134733031502492
-2112.954196271650289
-2114.052995587932855
-2113.892915045167683
-2113.730597163323182
-2113.568271410871603
-2113.246230897200348
-2113.081368302882765
-2112.915303002966539
-2114.091183654513316
-2114.191528938485590
-2114.032449522214392
-2113.869945107785497
-2113.711689346590902
-2113.550276960236260
-2113.391621362097339
-2113.230480964251456
-2113.069628341282623
-2112.890530474461684
-2114.052544978706919
-2113.893787722805882
-2113.732106782279516
-2113.564659258725442
-2113.399370669794735
-2112.732032175330914
-2113.108171384718844
-2113.286019950678110
-2112.942916955204055
-2114.110786621584339
-2114.271941734290976
-2114.749577803142984
-2114.591583030620313
-2114.430887818708470
-2114.292893483839180
-2114.454595986217100
-2114.933057143591668
-2114.775054953772269
-2114.614799016610959
-2114.128708559030201
-2113.283168369200212
-2113.441627761258133
-2112.958707625851275
-2113.125178915776360
-2112.780904041493159
-2113.763580711421127
-2113.923856224756491
-2113.603577083752043
-2113.899905059323828
-2113.407646247740558
-2113.573972176356165
-2112.711766464839002
-2113.733215292234490
-2113.948197641074785
-2113.804222084740104
-2114.650889859573908
-2113.792280839382329
-2114.008186364889298
-2114.169814284901804
-2114.018767748261325
-2114.493766374375809
-2114.331842548147506
-2113.557350406049409
-2113.395738212632750
-2114.181162271665926
-2113.958794915522958
-2114.149802607489164
-2114.771891014731864
-2114.266570580486587
-2114.426782749989798
-2112.819303250297708
-2112.652762303631334
-2113.643047292336632
-2113.484115022913102
-2113.804974735993255
-2114.121488266470806
-2113.964977119285777
-2115.095416415877935
-2114.934219091401246
-2114.807900591595171
-2113.348378411360500
-2113.505797948319014
-2112.843982740382216
-2112.663791161307472
-2113.021510583192139
-2113.187086832069781
-2114.331230496164153
-2114.489078086401605
-2114.649713701774090
-2114.328907135860845
-2114.171049736696204
-2114.010105498834491
-2114.167709510457826
-2113.027301656369673
-2113.188594591853871
-2112.849593745303537
-2112.669637568808866
-2113.852709063573002
-2114.649922058575612
-2114.489276499445623
-2114.328696663108985
-2113.643633871293787
-2114.055225166336186
-2114.523364468269392
-2114.628175644612838
-2114.793674346862645
-2112.821284674971139
-2112.642042024994225
-2112.987994352440182
-2113.652486057600981
-2113.812477197400312
-2113.971725125535613
-2114.128080507617597
-2114.156740675382935
-2114.831609166509224
-2114.268684568887693
-2114.434135186645108
-2113.308988491409764
-2113.480195335695043
-2112.814742740586098
-2112.635331622989725
-2113.645649296406191
-2114.593723654263613
-2113.878699444338963
-2114.465797663661306
-2114.626662146874878
-2114.767938582524494
-2112.809807642167016
-2112.630090434310205
-2113.139130278911580
-2112.975469455708208
-2114.310937187195123
-2114.282638274098645
-2114.212014938068478
-2114.137005992720333
-2113.297872229618406
-2113.962393731595512
-2114.122504660840150
-2115.073696742278116
-2113.829696436024733
-2114.628128178682800
-2113.932608101016740
-2114.732079979567061
-2112.439040793682580
-2113.297947251223377
-2114.912745695540252
-2114.023806188028630
-2113.460581902170816
-2113.863956461194903
-2113.774144573873855
-2113.932169025630628
-2112.544238481838420
-2113.431788944150412
-2113.612040046288712
-2114.097305209852038
-2114.114812223893296
-2114.010297180353973
-2114.172141339822701
-2114.021414991259917
-2113.325607533607581
-2112.713238923070548
-2114.647985758658251
-2114.649665317542258
-2112.545659149927815
-2113.337598438392433
-2114.333920559727176
-2114.490915634267367
-2112.376690479026365
-2111.833544725959655
-2112.715507068759052
-2112.401659911638490
-2111.520355612816275
-2114.758151580713275
-2114.597287189233157
-2113.097139222640635
-2113.714873408212043
-2113.013274004372761
-2114.929663681245074
-2114.050556133528971
-2113.886788815213549
-2112.395294288786772
-2113.277415589753673
-2113.895433772303932
-2114.170153341673540
-2112.684316492699054
-2112.504499955786741
-2114.491741324593931
-2113.691667198494542
-2113.848671086250761
-2113.512524856217624
-2114.767293317687745
-2114.426720103606385
-2113.532198025100115
-2112.291681402316954
-2112.967847540687671
-2113.129621581275842
-2114.606474452159091
-2113.711815024521457
-2113.632567308315629
-2113.797614974417229
-2113.287061780451950
-2113.467428484132142
-2112.406697759672170
-2114.395608731142602
-2114.537812373664110
-2113.609249175242894
-2113.767715852124184
-2114.252224393313099
-2114.637252182393240
-2113.450907330946393
-2114.703606390350615
-2114.553215830549107
-2114.864539725993836
-2114.696895616438269
-2112.606955977246344
-2112.444536431296001
-2114.148986936128040
-2114.125588112841342
-2113.932277746999716
-2114.098259104287536
-2113.273215182264721
-2113.443081080391039
-2113.770219681105573
-2113.605427505806347
-2114.240276330071538
-2113.843009877134591
-2114.004636393442070
-2112.357914047821396
-2112.953616044133469
-2112.996108673800336
-2112.091866259641847
-2113.858040021690613
-2113.262939740424372
-2113.683673540269865
-2115.096768942105882
-2114.938610187142331
-2114.616492726540855
-2114.777299645339099
-2113.845181821988717
-2113.909170730514234
-2113.263598384128727
-2113.430520237287510
-2113.751138514070135
-2113.591555135098588
-2112.551643718672949
-2112.384155141195606
-2112.934002515987231
-2113.817542986903845
-2113.886349697859714
-2114.767834466394106
-2112.233347868115288
-2113.897103604378572
-2114.778713866809085
-2114.606766146286645
-2114.435304053483833
-2114.768808680463735
-2114.507942527586692
-2114.363891652723851
-2113.004912865727420
-2112.310222142206385
-2112.673393661904811
-2112.510862842486858
-2113.799372778894849
-2112.339221848231318
-2112.838735008935600
-2113.165932586971394
-2114.525322601237349
-2114.668161386639440
-2113.950560204514659
-2114.648426482191553
-2113.145452034367736
-2112.986794757196549
-2112.487138419168787
-2112.307413068474489
-2112.652813187110951
-2112.824439323914703
-2113.790165373572563
-2114.809889322902109
-2113.666239475791826
-2114.632562890430563
-2114.608769794664113
-2114.248363243570566
-2113.357760622887781
-2113.517939757316526
-2113.036334030565286
-2112.332562097640221
-2113.197356054369266
-2113.833450674090273
-2114.714138047331289
-2114.856164347209869
-2114.956183186624912
-2114.796615421875686
-2113.640939729861657
-2114.087267073287876
-2114.595280240049760
-2114.755494521655237
-2113.418781465175925
-2114.270996255025693
-2112.263467075059452
-2114.435116116217614
-2114.916771863659960
-2113.640554246175725
-2114.107906648040625
-2114.268882784736888
-2113.384422006808563
-2113.221630955694309
-2114.591698226513472
-2113.706595099566584
-2113.784485647104248
-2113.459856920425409
-2112.819922593558658
-2113.544319474100121
-2114.491586338332127
-2113.603788384089057
-2112.700164388345911
-2114.330672405222685
-2114.588163035242360
-2113.695438791919514
-2113.131828260100974
-2112.970032112199988
-2113.535216569897784
-2113.875946235521951
-2114.238136373154703
-2114.214930861103312
-2114.077989827203055
-2113.269370114889625
-2113.431650873444596
-2112.928208807528790
-2113.107913239550271
-2113.916717481194155
-2113.759266110564113
-2113.597210031871327
-2112.408497168400572
-2112.228349008371879
-2114.796535359272184
-2114.637492950152591
-2114.100477838159804
-2114.342116331413308
-2113.861374380991947
-2113.699822846662755
-2113.927119406263955
-2114.250791150273017
-2114.075105634376996
-2113.767772567472093
-2114.227691112941557
-2113.609429111698773
-2113.285340112903214
-2113.123577747689069
-2114.183628196759855
-2114.024323953355633
-2113.808088822650461
-2113.692975519432366
-2112.941897786817208
-2114.572604626972861
-2112.766027133626267
-2112.926208138498623
-2112.127834062562215
-2111.960306075284279
-2112.291310114584121
-2112.451040471139095
-2112.610531475686457
-2113.820919739918281
-2114.077371873384891
-2113.974865119700098
-2114.088049525122187
-2113.264705535512803
-2113.422338869182113
-2112.219194379945293
-2113.098896822981715
-2113.747751664764110
-2113.581830983783675
-2114.054722349264011
-2113.089754584854745
-2113.251266685958399
-2112.211413737190469
-2112.910079430624137
-2113.896467174166901
-2113.734913059543942
-2113.575572844597900
-2113.413611392132680
-2112.698445668002933
-2112.870170212333505
-2113.672506507263279
-2113.027661589297622
-2113.507623689358752
-2112.370563103074346
-2112.190838545373026
-2112.536243243356694
-2114.692877782115374
-2113.813068069195651
-2113.835093666197281
-2114.531899653587971
-2114.052044373968329
-2113.949488147997727
-2113.716111014402941
-2112.857757865346684
-2111.958672953822315
-2112.126066214949788
-2113.289725896195705
-2112.393106298636212
-2113.773753729789860
-2114.418175642927508
-2114.259330358781881
-2114.097737377452177
-2113.934332944910238
-2114.411588075322925
-2112.225830359379415
-2113.005530483704206
-2112.346861572544185
-2112.509325694092695
-2112.176592506185443
-2112.845870212714999
-2112.680397634632754
-2113.954896832015947
-2113.797778011878108
-2113.632635317881977
-2113.471833385272021
-2113.300099946666705
-2112.144673749733556
-2113.810266484333624
-2112.179754936970312
-2112.342167462998987
-2113.652423959713815
-2112.824366261125306
-2112.665932677736237
-2112.508709770913356
-2113.490622788167002
-2113.931031600910046
-2113.773015718738861
-2113.116900782077209
-2113.278688859401427
-2112.419276842309955
-2112.249393604547095
-2113.609641356619250
-2113.443681095320699
-2112.080094793893295
-2112.984894647209330
-2113.146291108943842
-2113.794771008937005
-2113.635900986173510
-2113.477793971638675
-2113.311813648911084
-2114.816811161657824
-2114.112654621253569
-2113.628150160874156
-2112.954191634701147
-2114.043249207470581
-2112.306582061062727
-2112.137080507480277
-2112.469874695966610
-2112.631769344399345
-2112.794519064603264
-2114.497679318154042
-2114.655743407488444
-2114.086202492652319
-2114.967215929238591
-2114.806134669183393
-2113.139641100070094
-2112.654781369328248
-2112.923788551728194
-2112.826801687880561
-2113.311229892979554
-2113.953766739517960
-2113.795103307152203
-2113.632492430911043
-2113.471957354440747
-2112.821982859044965
-2113.689876339524744
-2112.795884151299106
-2113.305500634687633
-2112.312164996959837
-2112.142745821929566
-2112.473669588388020
-2112.636241543114011
-2113.438936515977730
-2113.267768639812402
-2112.056507785312533
-2112.945842814966454
-2113.106846480947297
-2113.933134908992997
-2113.766829314984079
-2113.604371313864704
-2113.426120549308507
-2113.587661373296214
-2112.927028459795110
-2113.097938239157884
-2112.038820081436825
-2113.263731390588873
-2113.750076153155987
-2115.106588014359659
-2115.006565760045305
-2114.545418334191709
-2114.383269040041341
-2112.993092109793906
-2113.175322859728567
-2112.079306940852803
-2112.831643087052271
-2114.222505351292057
-2114.061619613679795
-2112.259798956371924
-2112.929184885313134
-2113.109816089573087
-2114.094351957637627
-2113.936173011148639
-2113.441986367340178
-2113.279642893408891
-2112.221526210540560
-2112.040494969789506
-2112.390996720218482
-2114.527803069869606
-2113.010306584804766
-2112.179033181161685
-2112.850963805508400
-2112.019027515245853
-2112.661777113919925
-2114.369027929427830
-2114.209216517856021
-2114.048793862210459
-2113.343650611682278
-2113.181001112721788
-2113.146238201369670
-2113.778921415460445
-2112.988455856665951
-2112.164183013279853
-2111.993881663478533
-2112.330113157669530
-2112.492570955333576
-2112.663571392957238
-2112.829036932395411
-2114.137866406256308
-2114.832884921334880
-2113.946658385097180
-2113.996521850495810
-2112.866354328867146
-2113.589766953145954
-2112.001008189326967
-2113.933612798257400
-2113.770164495143945
-2113.451065731203016
-2112.741094128445184
-2114.546497081312282
-2113.994729460695908
-2114.156043208502069
-2114.479622205174110
-2114.639280956130278
-2114.320347293388295
-2113.412864519587856
-2114.798495248359814
-2112.724087402662917
-2112.323511276767022
-2113.434407469546841
-2113.787452546289387
-2113.798978087637806
-2112.714642323093358
-2112.873964985169096
-2114.679659791756421
-2114.200934292706734
-2114.358469309634984
-2112.001645594762522
-2111.842511059815479
-2114.188248055870645
-2113.575386783571957
-2114.519315110459047
-2113.655171777120358
-2113.952620715416742
-2113.417889451534847
-2113.579488585657145
-2111.838117292839343
-2112.716971815589204
-2114.192373408979165
-2114.351845717930246
-2114.671726017568290
-2114.511732769478385
-2112.878796302004503
-2113.340017641882241
-2113.286875742834582
-2111.598694732403601
-2111.761163253737323
-2112.488448423922364
-2111.836239155672047
-2111.765219163266465
-2112.642678456997601
-2113.126445829589102
-2112.967566071568854
-2112.803875592487202
-2113.442099616013365
-2113.867220222582546
-2111.967334192889666
-2112.884114051745655
-2113.707690976431877
-2113.869380073521825
-2112.974206807145492
-2113.064244473973304
-2113.711409959438697
-2113.551589155329111
-2113.388692729865397
-2113.227940277532070
-2113.464743947195984
-2114.379453518191440
-2113.010003144933307
-2113.171272479579329
-2112.122734438855787
-2111.953666514456927
-2113.815225714835833
-2113.654136184245999
-2113.494858955270047
-2113.329699173149493
-2112.292066112515386
-2114.614378324487006
-2114.773801731615094
-2113.079516789932313
-2112.406359112457267
-2113.786688369719286
-2114.453457590216203
-2114.291205907697076
-2114.131439659952775
-2113.966123915686239
-2114.935537307220329
-2114.935092046984209
-2114.017836650220033
-2114.041174390263222
-2114.149037238888923
-2114.309997733914315
-2113.349934809170463
-2113.987371807998898
-2112.687647620889948
-2111.955595623386671
-2113.105728654161794
-2114.207385237667040
-2113.666893841255387
-2114.183996093574024
-2113.832651388965587
-2114.529560550682618
-2114.364349669942385
-2114.347438553967550
-2114.505067311569746
-2113.049254382078288
-2113.219401095611829
-2113.061263295403478
-2113.462147581356021
-2114.185931119593988
-2114.265018874239558
-2114.429589881676293
-2112.815276212260869
-2112.886865812882206
-2113.606336621454830
-2112.652227767057411
-2112.477084221422956
-2113.238613136799813
-2114.104300109740507
-2113.381292530166320
-2114.942155513916077
-2114.842124283463363
-2114.381839105709332
-2113.651714420376720
-2114.281711978634121
-2114.459174696756236
-2113.330910364966712
-2113.169850412702544
-2113.491455323068749
-2112.828832329318175
-2111.942238707793877
-2113.008978760675745
-2114.340124244859908
-2114.520491809696068
-2113.484112159351298
-2114.202819034467666
-2113.270108095068736
-2113.431108083213076
-2111.931884043049649
-2111.668167132281724
-2112.850969766099297
-2114.370091819718709
-2114.472615704676173
-2114.228460867623198
-2113.591936204635203
-2114.363361155772964
-2113.673574526194443
-2113.904784228563585
-2114.065965342048457
-2112.849878901516149
-2111.932566745161694
-2113.486681458263774
-2114.127543892089307
-2113.948253575908893
-2114.042219453172038
-2114.935724375318841
-2114.776299694540739
-2112.384884129627608
-2113.243389079092594
-2114.293027928835727
-2114.454311638797662
-2114.615952138199191
-2113.382920834614197
-2112.564290554060335
-2112.730105555578120
-2112.897706145821758
-2113.061052797301272
-2113.223469748822936
-2114.044330819659990
-2113.941826849800236
-2114.924667802163185
-2114.361184005769246
-2114.523588678664964
-2113.927426435713642
-2114.683026978783801
-2113.427665113887088
-2114.208400423361581
-2112.811366397570055
-2112.063588911637453
-2111.892573511544470
-2113.370877712419770
-2113.376654897020217
-2113.046229247755946
-2112.880463321614570
-2113.212231097825224
-2112.708988392451829
-2113.521878612463297
-2113.679248247586656
-2113.202522881756067
-2113.361313390775649
-2112.507337456478126
-2111.595263389670890
-2113.375970559686721
-2112.774773359014489
-2114.773202849958579
-2114.291941566518744
-2114.614605978918917
-2114.453947938873171
-2113.362967719705921
-2112.399075579744931
-2112.556486979532110
-2112.807607264231592
-2111.692359924231368
-2114.664426450041901
-2114.523964481767962
-2113.783628551630500
-2112.782346147726457
-2113.668368404176363
-2113.940142016933805
-2114.505693446149962
-2114.664190319197132
-2114.181937131286304
-2114.347152720572012
-2114.019335979233801
-2113.848155177733133
-2113.957888665159771
-2113.793817752457926
-2114.833547757766610
-2111.846584046556927
-2112.017222594844498
-2112.987676394391201
-2112.828788285170049
-2112.672169845795906
-2112.507661080724120
-2112.350427134259007
-2112.187981395576116
-2114.672602901544451
-2114.108251910265608
-2114.523595381918767
-2112.738157274608966
-2111.841515567365605
-2113.431293582354556
-2112.707903000754413
-2113.067883871485719
-2113.939551123359706
-2112.318569163868233
-2112.164336127845672
-2112.004805884653706
-2114.938020049009538
-2114.776541837940385
-2114.099916658629354
-2113.205898611955945
-2112.709827686529934
-2112.890823555879706
-2113.047848130787315
-2112.877106768446538
-2112.356389333918287
-2112.027142871706019
-2111.846314258280927
-2112.197710647879376
-2114.263238291362086
-2112.879689392028013
-2114.974940635940584
-2114.813256007006203
-2114.653139741671112
-2114.495792299044297
-2113.859433250027905
-2114.016198466003516
-2112.832318738147933
-2113.538066598764999
-2111.834231407879088
-2112.481331617848355
-2112.661216174953097
-2113.699651585563515
-2114.336419896343159
-2114.173341681932015
-2114.510363755415256
-2114.368137047396885
-2114.088699980180536
-2114.356694934991083
-2114.506469904270944
-2113.211538803789608
-2113.379080724789219
-2112.725350140091905
-2111.833619608950812
-2112.886337907166308
-2114.750743511616292
-2113.049437972258602
-2114.650619869685215
-2114.251655569521517
-2114.364718217912923
-2113.799784091441325
-2113.638286120823068
-2113.478865405879333
-2112.018543304188825
-2111.838263200217625
-2112.992958105513935
-2112.351146503885957
-2113.317477493185379
-2113.159895411084108
-2112.189051338117679
-2113.972697087826418
-2113.811002050675597
-2113.144805733975318
-2113.308368557403810
-2112.581696711726181
-2112.985193953550606
-2112.421094142215225
-2112.255306601974553
-2112.079999412088455
-2111.819850074974056
-2112.243516731640739
-2113.648653501581521
-2113.488565447005385
-2111.756368226181166
-2111.577059011983238
-2112.433493950020420
-2112.016510431478309
-2112.182541991212929
-2112.599363813088985
-2111.922250592804630
-2113.199383192846199
-2113.763160857237381
-2113.923897093655796
-2113.584253112843726
-2113.600612486130558
-2112.898979516480722
-2114.078477078532160
-2114.645636736613142
-2112.719988459216438
-2112.003276601172729
-2111.826211679001972
-2113.793082458659228
-2114.312156442691958
-2114.483558913444540
-2111.824395651504346
-2112.689818680054486
-2113.184023251136750
-2113.029806500617269
-2114.286874678033655
-2114.184580016208656
-2113.585382839837166
-2113.184331581154765
-2112.331367750524805
-2112.362059044709895
-2112.518955699264097
-2111.645674129387771
-2113.024474571745486
-2112.856714193523658
-2112.695724246333157
-2114.365234292959940
-2114.527011387449420
-2111.809356965070037
-2114.668848137454006
-2113.790886386787861
-2114.909927527840409
-2114.213886599837224
-2111.815344986588570
-2111.996111113029201
-2113.896594051798729
-2114.056001793780524
-2114.809378123106399
-2112.982809222539800
-2112.171931590122313
-2112.656020970437112
-2112.818686657200033
-2113.739169585188392
-2114.931534912986081
-2111.801881260405935
-2112.707008963129283
-2113.764040392624793
-2114.248801401378842
-2113.604332987547423
-2114.957571177685622
-2115.005221016889664
-2115.107970349120478
-2114.410843059404215
-2114.796137753739458
-2115.055403257669241
-2115.063953227971069
-2114.183401240585681
-2114.254925897665998
-2114.418023021711178
-2113.903687392000393
-2113.741329590144232
-2112.671514437622591
-2113.777196492634175
-2114.672653305426138
-2114.813314199917841
-2114.955297199308006
-2113.579771625893954
-2113.416641063956376
-2113.480287661797774
-2113.023829046007904
-2114.659279973548564
-2114.499786801843584
-2113.941380422929797
-2114.366760668006918
-2112.699405349394510
-2111.811232435961756
-2112.862429672093185
-2114.808765776419477
-2114.666733629698683
-2114.908900228728271
-2114.207288847134805
-2113.171333823618170
-2113.328747264062258
-2112.556834919749235
-2111.730959496597279
-2111.550458744799016
-2111.898250852848832
-2112.581908959979501
-2112.165648555866937
-2112.394212628495097
-2114.049815242298337
-2114.831935150605204
-2112.713818672649268
-2112.328920898715751
-2112.744316189625351
-2112.061470409077629
-2114.751820132473767
-2112.977834018573958
-2113.810793404706601
-2111.658175082357502
-2112.534733836964733
-2114.168191151257361
-2114.026156152885051
-2113.041046262866530
-2113.198215162806264
-2112.718527472321057
-2112.879711104784292
-2114.008085301639312
-2113.848996167515452
-2113.145059357634636
-2114.854822358908677
-2114.062791183305308
-2114.798100063383117
-2111.797207628966135
-2112.701311517756949
-2113.677379422909326
-2113.186313229675761
-2113.515753742165998
-2113.353742816311296
-2114.178405572085467
-2113.487075843771436
-2112.946427695546845
-2112.528193087504405
-2111.794224306285741
-2114.065796310698715
-2113.428704542717696
-2114.201547236548322
-2113.267854558865565
-2114.530371105275663
-2114.362944094611976
-2113.243204691709252
-2113.081262249754218
-2112.235378664895961
-2112.415214355069565
-2112.585882445699554
-2112.918860767575097
-2112.753186890600773
-2114.671022791043470
-2113.485370106410755
-2113.644681510396367
-2113.896289758158673
-2113.795124304387173
-2113.954853978556912
-2114.064627516912878
-2113.652371431170650
-2113.793756538635535
-2113.747790051746961
-2113.906471260132548
-2112.692589187210160
-2111.773178394772458
-2113.328993579610596
-2114.067518985714287
-2114.956034268195708
-2113.789766572477674
-2112.980871171900617
-2113.142867671241220
-2112.478328836797118
-2112.657919466344993
-2111.770882535437522
-2112.819416727775661
-2113.628510642464335
-2113.463158383680820
-2113.301084490023641
-2113.650937603908460
-2113.831350148861020
-2113.987998609331498
-2114.150620194124713
-2112.190278058204967
-2113.107031496001582
-2111.770741129894759
-2113.743731147984818
-2114.311676879282913
-2114.346613892268124
-2112.688022203115906
-2114.094932736867122
-2113.953151280762086
-2113.811786383902472
-2113.769972011365553
-2113.932288681710361
-2111.729990593120419
-2112.552871660933306
-2112.724218617716815
-2114.098393403962746
-2113.603507772079865
-2113.431811133663814
-2113.944254349089078
-2114.364134454144732
-2114.524491393295193
-2112.894127738275074
-2113.070524377159018
-2112.195373113849200
-2114.046918869341425
-2113.892375112197897
-2113.731606016745900
-2113.410013798971249
-2113.572231106003983
-2113.249314692489406
-2112.371650994468837
-2113.937898316331939
-2114.105501856610317
-2113.686224708902046
-2113.846536245782318
-2113.334950117156950
-2113.998668620290118
-2113.118995053602248
-2113.838468728850330
-2113.488154568261962
-2113.669057869211429
-2112.789217808203830
-2112.607915773616696
-2113.314702138664416
-2112.960423689010440
-2113.948449728869036
-2113.863116660993001
-2114.001502393416104
-2114.528091337422666
-2113.525934773343579
-2113.704825690621419
-2112.633404703020005
-2111.759421876206488
-2114.182841924377499
-2114.435327044236146
-2114.524799529103802
-2114.363460714466328
-2112.810370710803454
-2114.618604006755049
-2114.426477603872172
-2113.977740622219244
-2113.812722280487833
-2113.650395943690455
-2113.479159910189992
-2113.299454422017334
-2112.602591947406381
-2111.672925040059908
-2113.838498639222053
-2113.658240023013605
-2112.448079491060980
-2112.851157982269797
-2112.286370440966039
-2112.120709698999235
-2111.944939056255862
-2111.687384397987898
-2112.110756497748298
-2113.501615553787360
-2113.340266550293563
-2113.178722025892966
-2113.015163864699389
-2111.622788263825896
-2111.443030898084999
-2112.301196723146859
-2111.884474235283960
-2112.050386747870107
-2112.466947379727571
-2111.788552400767003
-2113.787878819166508
-2113.310333170329159
-2112.424728714489902
-2111.675133350670421
-2113.856759315137424
-2112.957889746250203
-2113.860233849236920
-2112.534123527825614
-2111.712117299481179
-2114.693936385546294
-2114.635030838080638
-2114.474135884264342
-2114.020538752218727
-2114.007077536645284
-2114.202834940402681
-2114.353350799508007
-2114.587918836336939
-2114.345527243559900
-2113.707755112972336
-2114.267630397301218
-2114.428785140190485
-2114.184336118274132
-2114.201929108910917
-2113.889954747888623
-2114.026220149248729
-2113.867188820871434
-2112.299676790638387
-2114.051616056068269
-2112.538808314743619
-2112.376619380473585
-2112.604329925176444
-2111.684815994683504
-2112.864124410201839
-2113.758777863746218
-2113.805801431387863
-2113.321707720448558
-2113.483908048089233
-2112.574591781198706
-2112.978127830652284
-2112.415065751609291
-2112.254433760424035
-2111.653077725246476
-2112.076712775293799
-2111.589668977626388
-2111.410366379450807
-2111.755620487154374
-2112.432617308543740
-2112.015826067710350
-2113.158325569252156
-2113.644123026979287
-2112.176888389049509
-2112.593273186333136
-2111.916508785824590
-2113.831078293521841
-2113.427001961950737
-2113.607597911178345
-2112.546464636086057
-2111.682973170167770
-2114.471778877922588
-2114.794770005617920
-2112.727461596646663
-2113.936503368350259
-2113.778298111054028
-2114.098855871727210
-2113.831559662100972
-2113.995507691266539
-2111.644794772341811
-2112.801698862845114
-2114.811783477415702
-2114.653632789828407
-2114.492866876164953
-2114.333185355268142
-2114.175659508807712
-2113.321322762139516
-2113.429799695250040
-2113.589283213527324
-2111.802543443510785
-2111.641165039442967
-2112.456168954585337
-2113.172117142441493
-2113.911938784057384
-2113.750967510703049
-2114.740714177740756
-2114.731040246908378
-2114.903703787544146
-2114.103210912625855
-2114.262529892907878
-2112.370841956004369
-2112.571448211542702
-2114.582201063478351
-2114.421108219962207
-2111.651710314176853
-2113.863756451160043
-2113.437799772741528
-2113.252319177635400
-2114.910811098877275
-2111.852226691237775
-2113.260029814050085
-2114.772578551338484
-2114.134764892258318
-2114.292221624932608
-2112.428948354941895
-2112.608355160806241
-2111.612052810031400
-2112.260442441132000
-2113.815367683275326
-2113.974264575509096
-2114.614804075271422
-2114.454425763189647
-2113.651009153800260
-2112.770785784166037
-2114.606854611756717
-2113.633287722649584
-2112.926622572486394
-2113.794357373980802
-2114.446116397243713
-2114.286781522304409
-2114.125702003428614
-2113.965970005269355
-2113.803514260469001
-2114.768036597387891
-2112.075057433123220
-2112.746403778839976
-2112.747135092124608
-2113.929734443740472
-2113.766798938219836
-2111.596273437997752
-2113.369260518146348
-2114.196148132866256
-2112.729626473554163
-2112.892498423406323
-2111.623496472138413
-2111.820582398331226
-2111.376464464789933
-2112.314772161586006
-2113.210001000945795
-2113.050453236885005
-2114.515218328008814
-2114.536332110221338
-2111.989973046436262
-2112.153178432496588
-2114.357397924231464
-2112.477377641095700
-2113.840184284033967
-2113.902844275831285
-2113.800418204659763
-2113.895051782416431
-2114.783913843652044
-2114.300039710955389
-2114.461672981006359
-2113.647873715422065
-2113.482618227353669
-2113.660823109727517
-2112.826540469193333
-2112.713381719332119
-2112.567732645923570
-2112.886691430360770
-2114.542270127448319
-2114.379436411736151
-2112.096278002940380
-2113.748293240028033
-2113.921381403146370
-2114.470597873058068
-2114.631305283529400
-2113.122104398620650
-2113.282174156800465
-2112.250737939115879
-2111.599064853445270
-2114.793899662838157
-2114.052409163756238
-2114.761508009526096
-2114.601778618594835
-2113.485153281358180
-2113.317355179982769
-2114.944813309618439
-2113.155508597836160
-2112.721651412581195
-2113.810582805835111
-2113.650264595709814
-2112.212917995260341
-2112.558822300931752
-2114.946919281689588
-2112.597584891756924
-2112.758947294194513
-2112.432475640330267
-2113.079809944323642
-2113.214951920144358
-2112.918588111534064
-2114.937213704412443
-2113.482192340168694
-2114.004554486100915
-2113.124352532905050
-2112.301917350720032
-2114.166802731583175
-2113.286436599065382
-2111.584607639131264
-2112.414117451852235
-2112.464385449884048
-2113.311870569541497
-2113.952185659781208
-2113.963801146537662
-2113.822395363675696
-2114.663026322669793
-2114.653232863560333
-2113.768233362630781
-2112.947076042622029
-2113.599829287105877
-2112.622709565958758
-2112.456626302477162
-2111.590161798732879
-2111.916970671114996
-2111.612134841400803
-2112.304220767378411
-2113.609614689698901
-2113.450442793087859
-2112.783844782874439
-2114.505785671813555
-2112.083043196470044
-2114.191519509574846
-2114.373807962836963
-2114.630878376939563
-2114.640594678684920
-2113.931045893092687
-2113.124225229239983
-2113.285211788553170
-2111.918713897865018
-2112.458909329483504
-2113.771526314096263
-2113.610509573025411
-2113.451567055496525
-2112.107405578281487
-2114.358119406406331
-2114.498424670285203
-2114.335731835232309
-2114.810644197196780
-2112.619854186997600
-2114.973594520211009
-2112.170483117383810
-2112.639447259028657
-2114.822883651314896
-2113.933160576922546
-2113.773929977087391
-2113.593788144167320
-2111.561081646399089
-2113.933881574824227
-2113.771392606334302
-2111.566515207596240
-2113.441112663245804
-2113.608452784640122
-2113.815829871521601
-2114.520322109853169
-2113.101185337216975
-2113.260461589645274
-2111.582631736230269
-2111.319023685133743
-2112.503791506211201
-2114.662421046951295
-2114.762289975452404
-2114.520718607808249
-2113.577246675502920
-2114.198833258330978
-2114.511546682701919
-2113.418424642078207
-2114.359815152333795
-2113.894173337503162
-2114.503253943849359
-2114.671978995821974
-2114.812614431667953
-2114.024936029378296
-2114.190281747587505
-2111.556633924801190
-2112.738058216622449
-2114.051024116128247
-2113.891074393199233
-2113.569384178146720
-2113.729039558451404
-2112.904594655889923
-2114.529866311536352
-2114.670556664566448
-2114.512012459944799
-2114.350110571068399
-2112.776070151293425
-2112.943429326715432
-2113.251674537298641
-2113.206795227929888
-2111.727156596240093
-2111.556465732900506
-2112.553791159240973
-2113.049131860977923
-2113.393492648608571
-2113.110358409951914
-2113.484677176131754
-2112.718612682908770
-2112.883279077274437
-2113.076376647914458
-2113.236342510983832
-2112.475316225700681
-2111.563192762450853
-2114.805952597725081
-2114.485879122197730
-2114.644688879969181
-2113.849271124700863
-2113.398587470181155
-2111.557253111395767
-2112.395417038485903
-2112.546604234189999
-2113.230720748189924
-2113.060150581948164
-2113.067318190547667
-2112.402780474486462
-2112.384363308389766
-2112.566091129001961
-2113.392842677489170
-2113.229597204059701
-2114.367095814323875
-2114.534627240579084
-2114.636755034036469
-2113.976581570638700
-2114.155854735352023
-2112.578226846075722
-2112.399135893934726
-2113.743954706834302
-2111.543256210456548
-2112.907611032088425
-2112.743688168618064
-2113.067470482064437
-2111.722696029361032
-2112.883420545234458
-2113.041430371894421
-2112.188558407694927
-2111.276401308450659
-2113.057146308017309
-2112.456525370252166
-2114.295938904144350
-2114.456285143653531
-2114.133559074793538
-2113.653857630244602
-2113.812503741405180
-2113.972535605561006
-2114.613306839708457
-2113.495842595530576
-2114.492914496170215
-2114.350852543863766
-2114.034710061178430
-2114.435445358495599
-2112.696581946172955
-2112.862893461516705
-2112.024334838178220
-2111.368230609925831
-2114.592980095946132
-2113.392250526353564
-2113.558631181172586
-2114.531393113413742
-2113.878660643774765
-2113.718462793608069
-2112.719170093933826
-2113.641375987889660
-2113.317944097083000
-2113.138210754799275
-2112.439582853997308
-2111.509959390188669
-2113.995548474165389
-2114.632439950501066
-2113.957920670289241
-2114.129114553164982
-2111.511188923539521
-2112.480577151630769
-2113.966873413420672
-2113.810266505002346
-2113.650256338682993
-2113.490890285661408
-2112.826629490459254
-2112.659993257606857
-2112.974811591091566
-2114.435646884266589
-2114.333298992009077
-2114.597051148463379
-2112.687953310994999
-2113.386265380408076
-2111.358319493847375
-2112.012893064436867
-2114.444444494140043
-2113.949548576406414
-2114.113828091920368
-2113.971210981583226
-2114.275299017051111
-2114.777582968019487
-2112.846416024278369
-2112.036809795359659
-2114.120765481271519
-2113.953853558857190
-2113.789610437121610
-2114.284538665321179
-2114.130019028551942
-2114.310666512635180
-2113.056734084150776
-2112.893678417074625
-2113.901891441691987
-2113.740174269788895
-2112.564928819119359
-2112.383911900863041
-2113.914309364213750
-2111.519301103625367
-2112.735326476165483
-2112.883950245571668
-2113.769229689591612
-2112.956092732335492
-2113.121352283293618
-2112.794199135478266
-2112.624535124280101
-2112.976653557303507
-2113.770920768056385
-2113.763711579797473
-2113.777001833505892
-2112.215397886620394
-2113.281550035942473
-2113.443679936614444
-2113.604947155880836
-2113.444719107545552
-2112.390499130940498
-2113.960358675668431
-2114.025823681371094
-2113.864960024084667
-2114.732571401566929
-2114.572569458035559
-2114.472613124442887
-2114.254419484368555
-2114.095189407281850
-2112.508819064838463
-2112.342667892488862
-2114.594349956809310
-2114.413824597801977
-2113.738148052805172
-2114.032413881508091
-2114.189868294201460
-2114.330536995460079
-2113.715334388980864
-2113.553680610274114
-2114.206363726791096
-2114.367688430987528
-2111.830573458919844
-2113.708641865970549
-2111.517812631020661
-2111.351805318295646
-2111.675241414722223
-2113.070830910800396
-2112.909377132085865
-2113.060943030183353
-2114.412407380116747
-2114.252792014888655
-2113.638570005713518
-2111.481536596992555
-2113.097032008257884
-2112.934843207778613
-2112.217817277868107
-2113.233060571611986
-2114.125507711383761
-2111.508508758287462
-2112.371911305004232
-2112.880968079234663
-2112.552911267095624
-2112.722175412524848
-2113.766376706395022
-2113.423417059817893
-2113.589745153693457
-2111.486208039332269
-2110.687482343490046
-2113.767993797857343
-2113.927536167946528
-2114.088340206856628
-2114.247791941196283
-2114.408857190240269
-2114.217986036968796
-2114.194812593342249
-2113.154970461410812
-2113.499741255153822
-2113.342653751371017
-2112.665763776555650
-2112.496028084924546
-2111.671090145395738
-2111.498801242792979
-2111.841811880620298
-2113.179185671943287
-2113.014217347387785
-2112.846585948355369
-2113.608316282453416
-2113.771046542624390
-2113.446698432764151
-2111.921507282309904
-2112.573141486999702
-2112.740646503426888
-2111.615450036520997
-2113.370167816926369
-2113.209278845020890
-2112.834409899361617
-2113.001470815653192
-2113.337291717727567
-2112.665626006938510
-2113.171318777928718
-2113.336291582222202
-2111.666187590165464
-2111.485219374590088
-2111.836048360352379
-2113.516585892173680
-2114.055288127608492
-2113.331118672715093
-2113.164632178677948
-2113.493939965417667
-2112.999886043930019
-2112.834260314403309
-2111.664230426611539
-2111.483271134592997
-2112.500715170780040
-2112.663495102417983
-2114.466228237586165
-2113.095023747093364
-2113.768165637342463
-2111.001125909119764
-2111.921080683892342
-2112.101567421055734
-2112.933371899666781
-2112.768926497728899
-2112.603487994329953
-2112.435998235359875
-2112.271947175661808
-2114.524116292459894
-2114.346361598190924
-2113.886062211008266
-2113.579504830090173
-2113.059263473550800
-2113.236047232386682
-2112.433816079626013
-2112.025597568512239
-2111.727491258302507
-2111.743023436047224
-2113.418859591814908
-2113.258187463334707
-2113.095741138652102
-2112.931016265144535
-2112.769350581576418
-2112.605136117755137
-2111.925360923056814
-2114.075753004616672
-2113.773525758370852
-2113.286159030264571
-2113.446281395786627
-2112.573362823435218
-2113.611891743154047
-2113.937321666457592
-2113.935077131849084
-2112.414810582964947
-2112.252582473298844
-2112.084055175175308
-2111.916945274484533
-2112.906176320097984
-2112.606242183841459
-2111.925837899766066
-2113.606442192522991
-2113.286070011915399
-2113.443722205174254
-2113.124765012533771
-2112.954033844391688
-2112.786189705374909
-2114.789027330274621
-2114.627433041782751
-2113.959040795989040
-2113.090960288276619
-2113.251323204472556
-2112.010570275115697
-2112.171540813872070
-2111.425758338722517
-2111.588116570223065
-2114.661477759742866
-2113.887828752478526
-2111.749936796371003
-2112.929960697034403
-2114.501026707224355
-2114.340932138095013
-2113.836382926471288
-2113.669593586797419
-2112.104702393101888
-2111.437085549147469
-2114.371829376469577
-2112.285008184158869
-2113.471120262950535
-2113.311640902486943
-2113.148942825060658
-2112.455629152854272
-2113.268349137139467
-2113.950634258527771
-2114.671284046979963
-2111.426684336655399
-2113.105045846620669
-2112.442541578737746
-2113.300924314329222
-2113.480735761835604
-2114.181863328634336
-2114.488694395739458
-2113.788408197375247
-2113.691049714862856
-2113.531515546865649
-2113.548417369913295
-2114.348403410928768
-2112.927779572003601
-2111.598098445681444
-2111.432311716040658
-2112.446003570791618
-2111.757690883229770
-2114.361632449199988
-2114.523994765805583
-2112.765789633190252
-2112.604259958106013
-2113.087383382086045
-2113.779147374829336
-2113.920551838932624
-2114.081402335934854
-2113.754016621228857
-2111.396946972337901
-2114.243590271602898
-2114.029959219690681
-2113.301705814779780
-2113.466959365696766
-2113.141894899885301
-2112.980424746110657
-2112.532535100770019
-2113.788147228985508
-2113.627950237726964
-2111.590748315106794
-2111.420915179233361
-2112.366365664400746
-2111.750323080596900
-2112.972221896926385
-2113.131754208510756
-2112.449242851290364
-2111.580376291868561
-2114.181657752888441
-2111.418531483038805
-2112.116772128374578
-2113.769649204983580
-2113.628598708592108
-2114.019260598653091
-2114.900967255738578
-2113.783281185828855
-2112.752278578466758
-2113.693995336158878
-2112.136023931685486
-2114.500747436894926
-2114.340765651279980
-2114.175417165699400
-2114.011537344934823
-2113.855449593790127
-2114.016178374640276
-2113.911609511394090
-2113.097987841702889
-2113.929896557652683
-2113.075810562665538
-2113.247010963733374
-2113.410298500493809
-2111.589065106124508
-2111.417388724361444
-2112.584549964757116
-2114.092590143771304
-2114.646365649578911
-2113.756906651494774
-2114.484505128660203
-2111.776499538414100
-2111.606598733681494
-2113.072364700927665
-2114.635368105734415
-2111.414306909332936
-2112.336409995250506
-2114.795706533693647
-2113.625412954080275
-2114.649098861887069
-2114.890193247636034
-2114.009377261465488
-2114.004878455354628
-2113.543298240608237
-2113.381364301730173
-2112.252278850974108
-2112.091053546454987
-2114.190437309041045
-2114.789608512625364
-2111.261247033718064
-2113.686177238407254
-2113.850224788058767
-2111.423129840939509
-2113.285711064832867
-2114.488241808071507
-2114.000094804299806
-2114.164747160548814
-2113.122203751476263
-2114.327374096732910
-2112.796517039456830
-2111.913439749690497
-2112.957584256607788
-2113.558811553689338
-2113.718954871921596
-2112.320861802717900
-2111.408609838382745
-2112.922159460857984
-2114.649805698489217
-2113.880739654252466
-2114.330426764913682
-2114.488292059275864
-2114.630607188953036
-2114.604740676596066
-2114.791017917902082
-2114.765065301618051
-2113.910309159095959
-2113.415684597369363
-2113.577354862864922
-2111.791962445340687
-2111.408479931576949
-2112.537249744244491
-2114.468792948660848
-2114.930301649228568
-2114.694492502994763
-2114.635856333424726
-2113.183795956727408
-2113.931582474484003
-2112.161607495781936
-2112.326301871561554
-2114.796180503928554
-2111.746519318403443
-2113.019085980136879
-2111.584189964929919
-2111.404455985700224
-2114.090649312583992
-2114.052802982337653
-2113.409767951872254
-2113.895841685955929
-2113.347776906779472
-2113.507588325710458
-2112.600214309594321
-2111.743127083235322
-2114.056469843541436
-2111.580857549651682
-2111.401164816208166
-2113.359697215559663
-2112.759874451000542
-2113.992333718793361
-2114.151454707434368
-2112.317183388871854
-2112.918804959137105
-2111.395763739766608
-2111.126286103278289
-2113.554971311262761
-2114.005719165411392
-2114.311467928067941
-2114.633903036285574
-2114.472747298637842
-2114.164918663099343
-2114.279729226810559
-2112.477082032210546
-2112.898305709001761
-2113.058577079832048
-2112.738872360431742
-2112.577513188122339
-2113.192782634129799
-2112.412417191652821
-2112.241303621470252
-2114.487904901672664
-2113.571399974740871
-2113.845364421188606
-2114.006274811851654
-2111.575285707041985
-2111.394352095422619
-2112.221108964383347
-2113.411122472793068
-2112.713483026039739
-2114.649380970762195
-2112.388905080713812
-2112.551926153474142
-2114.328089276872561
-2112.879675777812736
-2111.547889622614093
-2111.369565463240178
-2111.714534418817948
-2112.402045573368468
-2112.561900580893962
-2112.721169902461497
-2114.346858703111138
-2114.447346488434050
-2114.422963301325126
-2114.629487328752020
-2112.502683799024453
-2113.404919223170509
-2111.384763511030997
-2111.135955195101815
-2111.785407244619364
-2114.045543756612005
-2114.204954831498981
-2114.050242322385202
-2113.564645251951333
-2113.722343305937557
-2113.884400574340816
-2114.602444720429048
-2112.076849846163896
-2114.204270692224782
-2114.372068499271791
-2113.416041714416679
-2113.579453833992829
-2112.637377491477309
-2113.553679678873323
-2112.910225782377438
-2112.936181925790152
-2111.545469916493857
-2111.382819755049695
-2111.709447739294774
-2112.344106762981937
-2112.502345451052406
-2112.662967764672430
-2114.613365497728864
-2114.512066809213138
-2113.964457454153035
-2114.639430625875320
-2114.369496848063136
-2114.114851341521899
-2113.779720226827521
-2113.618667794298290
-2113.457649492340352
-2113.297252912228942
-2112.685010995994162
-2112.258710101235010
-2112.850702277366054
-2111.376626250447316
-2111.998987079809922
-2113.486224536573900
-2113.326740465246075
-2113.487524364602905
-2111.539125381477788
-2111.376791559650428
-2112.191490314187831
-2112.901729402133242
-2114.531001101865058
-2114.681241836530717
-2114.209325659086971
-2114.370478790789093
-2113.729343231792882
-2113.891712581548290
-2114.050783518414391
-2113.669419183164791
-2114.274303585630150
-2113.597355491786402
-2112.899691167404399
-2111.202828054727888
-2111.369561247480306
-2113.080634750497211
-2112.425943789589383
-2112.586460905638887
-2112.421955623260146
-2112.744467208436163
-2114.454829621304270
-2114.616239537347610
-2114.775245086880204
-2112.025888670029872
-2114.525306427414762
-2114.551276366162710
-2113.485076761454366
-2113.646024862321156
-2111.792278385663849
-2112.527589329511557
-2111.366401883714389
-2113.324830888039742
-2112.688811168804932
-2114.207611601239932
-2114.046453027769985
-2113.888019687576161
-2114.690530184502677
-2113.647545731343598
-2111.368102775751140
-2112.125337488187597
-2114.189425702664266
-2112.304745961979279
-2112.463611794677490
-2112.634868964514226
-2113.160905480342535
-2113.332174780124660
-2114.028528994381304
-2111.218846454305094
-2112.383644890717278
-2113.250163395305663
-2112.090918849788977
-2113.866036098618679
-2114.909002314287591
-2114.746628127617441
-2111.920931906638089
-2113.272304695800813
-2114.133983000125227
-2113.975187474607083
-2114.748359483204695
-2114.614419619989803
-2114.474644102234379
-2112.120459360083714
-2111.364956769064520
-2113.729659519298366
-2112.870807253421845
-2113.046330678946106
-2112.902381513432374
-2113.146935510294952
-2112.269181076060249
-2112.985317101101828
-2112.261635492088317
-2112.099867442622326
-2113.945938252858468
-2113.083271796209829
-2112.824475240327502
-2112.421484449881063
-2114.665913704162449
-2111.387341464111614
-2111.224016019968985
-2113.969158089743360
-2113.323235752119217
-2112.626237009003489
-2113.483238975361473
-2111.861652412562307
-2112.514824131789737
-2112.774564779174852
-2113.175003299165837
-2113.075751709508495
-2112.139572298121493
-2112.300493621283749
-2113.491045279353330
-2112.841004586098279
-2112.674434945083703
-2112.187458670383421
-2112.619369068316246
-2112.457552927807228
-2112.793293813122546
-2112.933787439741536
-2111.509496486757598
-2112.028647664438722
-2111.349885371491837
-2111.182906665213068
-2113.674394281616969
-2114.372093116236101
-2114.204240843256230
-2113.587897024580798
-2114.252035978301592
-2113.362066394114208
-2112.680454342583744
-2112.038184195545909
-2114.511740164874027
-2114.653856849742624
-2114.753542476822076
-2114.592666665700563
-2114.431780232316214
-2114.366598673704630
-2113.523562454753574
-2112.850392263401318
-2112.044362394859036
-2111.361635099611703
-2112.688456137485900
-2113.645947402860202
-2112.926300004726727
-2113.785969381317955
-2113.219950600898301
-2113.400378162258676
-2111.343758066211194
-2112.168661437252922
-2113.067759799002033
-2113.311795065528713
-2113.211476519949883
-2113.335368109184401
-2112.851317630082576
-2113.015115475800940
-2112.519149520976498
-2112.686728181058697
-2112.349386437097564
-2113.178407795540807
-2113.620734787861238
-2113.780904574795386
-2113.293371661826768
-2113.455709802020920
-2112.245328613635138
-2112.425493763396389
-2111.318953040367887
-2112.596284836848099
-2114.701663694994750
-2113.636365143901003
-2113.640780714007633
-2114.276696003068537
-2113.001812550093291
-2113.158921967546121
-2112.106879232869233
-2112.276701865639552
-2111.340898909578755
-2111.502654401406744
-2113.478826019549615
-2113.317116096276095
-2114.518363261614923
-2113.967955412970696
-2114.148476818515974
-2112.208588171856718
-2112.388937475753664
-2113.042517968751781
-2111.348254130815349
-2112.559425179818845
-2112.721381336848026
-2112.884450416493110
-2111.528977812853554
-2113.933965663084564
-2113.148786321620719
-2112.247045560227434
-2112.420555529066405
-2111.938844872248865
-2111.344311538099646
-2112.090290727086085
-2112.987321443378733
-2112.586678871358345
-2111.931641928937552
-2111.770408545277860
-2114.059579679561011
-2114.036520552016100
-2111.752766144184534
-2112.467241163912604
-2113.286508758732452
-2113.447189833425909
-2112.636203501675027
-2113.957172473419632
-2114.763630113773615
-2114.033208141492196
-2114.754892803875009
-2112.841589751197716
-2113.001006493444947
-2112.682284749101655
-2111.779605450266899
-2113.872307294411257
-2112.996865106445512
-2113.548634149886766
-2114.916111214317880
-2111.301103465924371
-2113.711214888424365
-2113.647056891785724
-2113.664988378294765
-2111.937241909209206
-2111.756787371230075
-2112.604260679454455
-2112.769724226037852
-2112.105164837351822
-2112.275574197361948
-2112.440001673016923
-2112.936562784425860
-2112.991715618004946
-2113.105799564268182
-2114.145522698446257
-2114.306002184826866
-2112.615877921881292
-2112.435345405567205
-2111.752707473973715
-2112.944146619896401
-2112.786342109715406
-2113.272744561652871
-2113.441482700712641
-2114.628070196969020
-2112.152087205729003
-2113.209682890408203
-2111.514225459377940
-2111.333749439734220
-2114.748432422681162
-2114.424532402215391
-2114.586874357133183
-2114.253281395782778
-2114.092864537911737
-2113.431490381202821
-2114.043970662557513
-2113.656906557068396
-2112.955602850037394
-2112.070842052773514
-2111.160227874558586
-2114.317420473444599
-2113.833868514409460
-2113.995190809464930
-2114.155604340381615
-2114.940810239602797
-2114.174518403662660
-2112.961833790937817
-2113.125526801299657
-2112.082832013324150
-2111.168499541024175
-2114.018657105451894
-2113.857768821169884
-2113.457588974450118
-2113.295274076069290
-2114.355579105763809
-2114.489922037425913
-2114.655415242350500
-2111.289073800584447
-2113.646009369958392
-2114.815288691057049
-2113.812368342103127
-2114.475663053511653
-2114.520998692262310
-2113.769277148143374
-2113.599754582956393
-2114.663873513207818
-2111.999015361529018
-2112.197125840663830
-2111.308685162779511
-2113.165605857145692
-2111.509046643417605
-2112.363784427017890
-2112.524409976907009
-2112.685156329765960
-2112.843487999282388
-2113.005506046436494
-2114.803645241474442
-2114.703284550151238
-2113.964207320884270
-2113.781864363320437
-2112.656410067725119
-2112.824982568490668
-2111.772259019374360
-2114.448436818654045
-2114.610804127047231
-2111.940813423153031
-2113.573722791318232
-2113.405398977378354
-2113.698122898372276
-2114.773477102990910
-2113.537012137651800
-2114.832768812162612
-2113.382097058216914
-2114.235634806498183
-2112.886598022149428
-2113.245780640697376
-2113.423150931881992
-2113.374902423460753
-2113.380910863552344
-2114.061592407943863
-2114.943977361711859
-2112.724140044389515
-2113.223139778196582
-2114.067211527798463
-2114.225374724740959
-2111.485698527507793
-2111.286511570288894
-2112.149182574952647
-2114.212659419125885
-2113.055804458761031
-2111.657635624209888
-2111.825257024640905
-2111.986445152795568
-2113.973610720202487
-2113.810994985069556
-2113.166935549915252
-2113.324630026747400
-2111.939299050202862
-2112.838105932116832
-2113.004772889604283
-2113.652534100645425
-2113.490186088708469
-2111.619719711388825
-2111.450467509597729
-2111.280931444258385
-2112.106110936115329
-2113.787220285476451
-2113.628599815649522
-2113.447898435138086
-2111.271783243016216
-2113.740837672829457
-2114.302469873474365
-2113.599165410642399
-2113.620581937645511
-2112.728233262293088
-2112.896236432324258
-2114.073779267730060
-2114.084210403735597
-2113.765408817237585
-2112.005681594801899
-2113.926929374911197
-2111.281609472751825
-2113.417152736823482
-2113.577781920567304
-2112.009539436469822
-2111.840386538402527
-2113.811570933998155
-2113.651207294633423
-2113.485574667365199
-2113.304978623700208
-2111.267868553798053
-2113.768085574710312
-2113.606923561003441
-2113.435552100047062
-2111.265000480469553
-2113.918511073557511
-2114.076142646770222
-2111.278821967428939
-2113.104028678350005
-2113.756052772670046
-2113.596457666145852
-2113.433920406920151
-2113.271359409651268
-2113.587175365344592
-2113.759927597376191
-2111.915775413302526
-2112.643796479211233
-2111.267190747751101
-2113.425520793733995
-2113.256674738972379
-2114.470062779329965
-2111.959121745608172
-2112.906280745124150
-2112.900250628968024
-2113.040390086321167
-2112.268911841861154
-2112.240357679797853
-2111.419261121273394
-2111.257264682731147
-2112.083244815981743
-2114.769475769767269
-2114.374668803038276
-2113.395444253021196
-2113.555277736407334
-2111.861920313544488
-2111.266609671927654
-2112.518309198760562
-2112.679328867989625
-2114.804431369433132
-2114.166846986758173
-2114.327561065536884
-2113.716351157782810
-2114.648151140344453
-2114.485716983034763
-2113.624111958412868
-2111.263097239536819
-2114.589776053504011
-2114.431506459183765
-2111.264358882775923
-2113.125402459489123
-2113.606652759985991
-2113.765181103123723
-2114.429703300371784
-2114.588581377812716
-2114.749256340433476
-2114.148437463654318
-2113.998124407482010
-2112.929364762490877
-2113.658687961786654
-2112.197254223136042
-2112.361148189414962
-2111.456395299815995
-2111.871547318446119
-2111.259193891743053
-2112.036855774673313
-2112.684704546446483
-2112.526410675484840
-2113.841869752366620
-2113.052470717967026
-2113.940992433098472
-2113.155149385015193
-2111.932800428255632
-2111.263414852779988
-2112.671222267891608
-2112.831600774206890
-2112.993721360861400
-2112.255301556575432
-2112.094911949019661
-2112.667138454936321
-2114.506753644630862
-2113.961543263983458
-2114.120446562141751
-2111.427319291369713
-2111.249112349096322
-2114.607147521569914
-2114.446990375945916
-2114.285949791380517
-2113.296851708363192
-2113.644287434572107
-2112.566017182565702
-2112.742646586141746
-2112.405527786248967
-2111.706739938153987
-2114.627741325833085
-2113.403761843084794
-2113.565712168798200
-2112.921387961864639
-2113.084442762241906
-2113.243643061372495
-2114.638760857683337
-2113.879870772694176
-2113.725329109758604
-2113.922246868495677
-2114.352380310682292
-2113.392802989401389
-2114.029777100615320
-2113.074821649126079
-2113.233870263847621
-2112.753996126878519
-2112.913299926690343
-2111.857437878482415
-2112.591752584158712
-2111.255382672694850
-2114.191022678195623
-2113.823724293744817
-2114.043147707072421
-2114.201319740031977
-2113.103619168235127
-2113.263498998458090
-2112.177712488582983
-2111.256789120390749
-2112.781724270013456
-2112.940559162860609
-2113.885149899511816
-2114.362321059637907
-2114.673321685974315
-2111.959283060556572
-2112.437525280996852
-2111.795857398892622
-2112.274622129873933
-2113.109828917923551
-2111.259845429028246
-2111.439006422190687
-2111.786278721925555
-2111.616963727919938
-2114.008530701475593
-2113.792098115890440
-2114.695988823425068
-2114.610429602190379
-2114.790798392553370
-2113.775850844881006
-2112.959604169268459
-2113.120462236034655
-2111.878027063888567
-2112.040220956243502
-2111.452655881398186
-2111.254177106160569
-2114.109357132057085
-2112.799393028788472
-2113.926003009949909
-2113.288696982144756
-2114.631557881166373
-2114.490081310310870
-2114.445661973195456
-2114.471871749125967
-2113.604680217083114
-2113.220548435454930
-2112.513569024240041
-2111.250244996382207
-2111.633677397589963
-2112.530182954719294
-2112.359911312000349
-2114.610872567995102
-2112.700705704831307
-2111.806039427219730
-2114.750063364635025
-2114.588186327806852
-2114.427994834352376
-2114.407675446673238
-2114.749718916474194
-2114.754241776582603
-2114.914595347396244
-2115.075623323258242
-2114.596376762896398
-2114.756519911442410
-2114.916490583475934
-2114.756585359612927
-2114.916670418378999
-2114.914796924355414
-2113.927599095301048
-2114.089362327845720
-2114.594323792868181
-2114.254516116791820
-2114.594303355305783
-2114.913290099132610
-2114.754349732073024
-2113.929669640353950
-2114.589470169152264
-2114.422409606422661
-2114.582250679938170
-2114.910373798747514
-2114.589445014655666
-2114.249808950366059
-2114.800149355368376
-2115.081989517092552
-2114.921379244586660
-2113.629667210008392
-2113.893340440124121
-2113.733293256376328
-2114.011002574514350
-2113.847484030893611
-2114.512483724011872
-2114.674387809719065
-2114.355802086494350
-2114.834301105918257
-2114.688067402658817
-2114.690903061587505
-2114.848031558555249
-2114.262921446791552
-2114.749156195826345
-2114.587735565631647
-2113.629254113220668
-2114.374962777240398
-2114.213769602606590
-2114.052193206898664
-2114.064325744656344
-2113.710234588566891
-2113.867405017138026
-2114.532147216057638
-2114.372408461861141
-2114.533838658759578
-2114.669079219164814
-2113.840568885599168
-2113.683466163627600
-2114.509890773333609
-2113.844092824655036
-2113.569018712532852
-2114.198259527390292
-2114.039066418104539
-2113.876744570906340
-2113.635879961079354
-2113.325508545578941
-2114.751769059618709
-2114.591828359088140
-2114.751536345631393
-2113.922674172464667
-2113.606180229545316
-2113.763995767101733
-2114.111722988835936
-2113.932472954791592
-2113.768281219030541
-2113.605073185783112
-2113.762765480040798
-2113.604219891579760
-2114.055143436697563
-2113.894676895678913
-2114.054736152695114
-2113.894932268047341
-2113.732352433326923
-2113.570973115563902
-2113.243759535213030
-2114.033503494128126
-2113.874433966368542
-2113.712105548322143
-2114.056148698823108
-2114.053595755829519
-2113.894473205140002
-2113.566829248598424
-2114.082984062225478
-2114.747672355964369
-2113.447286243072995
-2113.605138455484848
-2113.924420519564592
-2113.765386971329917
-2114.428281753675947
-2114.586025260091446
-2114.269753270122237
-2114.428281177781628
-2114.270422144748864
-2113.763758635006980
-2113.120442191594520
-2114.750494166621593
-2114.590046701877782
-2114.911934817674137
-2114.432503645175530
-2114.753779793401009
-2114.912699000281918
-2114.772804483592154
-2114.776002618641087
-2114.934170794859256
-2114.616630947128670
-2114.776968829499310
-2114.937250993483758
-2114.647300575953523
-2113.601638812900546
-2114.427549246875060
-2114.587864768459440
-2113.946920464452887
-2114.105599359659209
-2114.267454311554502
-2113.283645341463398
-2113.441463647644014
-2113.762909564627535
-2113.922256836513952
-2113.603140802956204
-2114.586950410586269
-2114.059181323516896
-2113.740553202866977
-2114.490337392476249
-2114.647861420981826
-2114.489244940607023
-2114.981448329070645
-2114.837488342700908
-2114.125304433154724
-2114.820991227011291
-2114.339662567965206
-2114.501691507568466
-2114.663813613911316
-2114.101629802216848
-2114.676956653953312
-2113.643217479840132
-2114.662215384677438
-2112.935456935207185
-2112.617726293002306
-2114.327186308460114
-2112.629219645363264
-2114.485767325731103
-2113.714719924966630
-2114.312098291487018
-2114.913226089740874
-2114.592161453600056
-2114.754482805501084
-2114.431913069108305
-2114.590656466514702
-2114.752877660525883
-2114.107375977418542
-2114.272723661663349
-2112.978182714736249
-2113.516666251271090
-2114.774071325272416
-2113.646268778864396
-2113.805232020431049
-2113.967156772938324
-2114.283788578117310
-2114.127274708314872
-2114.213319886095633
-2113.965603992111028
-2114.138445123825477
-2114.774092116871543
-2114.755924911612965
-2113.982761454516549
-2114.143039335031972
-2113.664362800961499
-2113.825020480620879
-2114.647584782403555
-2113.666322310442411
-2113.824056490666862
-2114.488643167828741
-2114.330717971882223
-2113.009240120903087
-2114.649432247481855
-2113.346137312080828
-2113.504590767388891
-2114.169419422841202
-2113.821962064398122
-2113.982473083259720
-2113.664413275459083
-2113.505836817317686
-2113.344564050689314
-2114.647131222204735
-2114.486563066403505
-2113.506942508593511
-2113.824000270969464
-2114.651308956596040
-2114.812064569732684
-2114.491101951967721
-2114.648772310458753
-2114.809915383345015
-2113.663387770546706
-2113.823912237283366
-2113.345980806720945
-2113.346018422869747
-2113.503534760352977
-2113.662357806088949
-2114.327790254642423
-2114.486244498794804
-2113.185999708153759
-2113.344924391453787
-2114.169902886257205
-2114.490752498613801
-2114.013630886879128
-2114.217551369273679
-2114.456012197928430
-2114.616133343079127
-2113.147891899834121
-2114.663927672094360
-2114.119466634956098
-2114.290500185527435
-2114.613685026957228
-2113.307110656250188
-2114.319081309623471
-2113.814660911607461
-2114.134052547353349
-2113.974775296011103
-2114.290424532601719
-2115.247254969264759
-2115.147191451055733
-2112.969475946033526
-2114.844319824179820
-2114.933713355147120
-2114.840917291364804
-2115.075030668830550
-2115.070826634208061
-2114.293265380591492
-2115.084271710288704
-2114.266940952555160
-2115.085991461848607
-2114.985933283347549
-2114.977640102939858
-2114.970718235582353
-2114.930178481031362
-2114.060625898266153
-2114.941414495115168
-2114.622847338368956
-2114.935133426468383
-2114.945576548750978
-2114.248629539434660
-2115.076710370694400
-2114.916045432798910
-2113.069876157475846
-2115.077899695024371
-2114.912029205503131
-2115.074398245712928
-2114.916049582330743
-2115.096856504094831
-2114.933886785836421
-2114.911613872221551
-2114.923004403739014
-2113.808030679606873
-2114.667668626102113
-2114.849310946594869
-2114.845311784286878
-2113.635776997713037
-2113.792570033501306
-2114.515278963851415
-2114.836731882866843
-2114.832277653454184
-2114.833612390553753
-2114.828734922252806
-2114.822311512473789
-2114.175598698635895
-2114.821921280753486
-2114.963892369410587
-2113.633196519818739
-2114.513595651638752
-2113.981462864426703
-2114.845704943379587
-2114.797869278236703
-2114.810898319939497
-2114.975641243073824
-2114.817729765923559
-2114.974277154197353
-2114.816213987602168
-2114.812119068141783
-2114.814662554711049
-2114.977772017852658
-2114.654946565812679
-2114.833760498386710
-2114.996793029487890
-2114.806807591454344
-2114.789546896244246
-2114.948904351781493
-2114.949178187210691
-2114.798775111065424
-2114.795185446810592
-2114.785687316034455
-2114.947014023702650
-2114.781950352372860
-2114.781012556866699
-2114.780153844979395
-2114.778694560444364
-2114.614126644647513
-2114.777407540978857
-2114.773941562290929
-2114.936276822328637
-2114.774976264394809
-2114.776928533624414
-2114.773377596859518
-2114.775527041098940
-2114.775888854009736
-2114.778595746020528
-2114.773622994320704
-2114.935762171475744
-2114.773055867204221
-2114.769977500376626
-2114.593240799042633
-2114.785078924964182
-2114.606633017969671
-2114.756800414524150
-2114.755746079746132
-2114.789830895100749
-2114.773895631512914
-2114.773523330553871
-2114.934981217728819
-2114.751018030719933
-2114.948631259434023
-2114.750822431312372
-2114.749803315884037
-2114.770060869589997
-2114.920722051364464
-2114.931593291031277
-2114.749148084338231
-2114.914611788841739
-2114.753099578983893
-2114.764487339774405
-2114.925741658765673
-2114.695314236851118
-2114.775377687913078
-2114.914691805260645
-2115.073178186687073
-2114.691124252739428
-2114.691652929837801
-2114.355730142669927
-2114.065276230015115
-2113.965634126849181
-2114.677294807805993
-2114.835673789008069
-2114.674211529628792
-2114.669913948463090
-2114.835194210160807
-2114.673147673607673
-2114.693502657908539
-2114.843888924537168
-2114.669360307151237
-2114.894256569645222
-2114.198758305107731
-2113.798015945968018
-2113.774853062492639
-2113.934395274507096
-2114.075730063706033
-2114.661421166506898
-2114.345750764410241
-2114.163081464061179
-2114.493428613343895
-2114.330696335076937
-2114.508606351395429
-2114.669487030657365
-2114.206607353961317
-2114.902988147011911
-2114.661033906120338
-2114.389962685274440
-2114.803076442428392
-2114.654569988886124
-2114.659135696212616
-2114.472709600571761
-2114.742441035768024
-2115.086276510492553
-2114.904684193688809
-2114.741440228229294
-2114.986361931075407
-2114.819436508288163
-2114.843961344167838
-2114.680712726933052
-2114.668457513272187
-2115.087981145347840
-2114.924739697666155
-2114.657323207421086
-2114.817568830115761
-2114.673454829097864
-2114.834921938789194
-2114.651363785375906
-2114.652115123262774
-2114.672238820661732
-2114.651766345250053
-2114.640473593635761
-2114.652366825551326
-2114.647578020395486
-2114.648476379808926
-2114.644805925170658
-2114.645860935298060
-2114.664086917789064
-2114.945987452893405
-2114.787564514000678
-2114.637327252110481
-2114.632625658176948
-2114.634569207928507
-2114.774857602952125
-2114.947240007031269
-2114.934362350996253
-2114.635506145827094
-2114.636938165887841
-2114.629550437813123
-2114.785917291611440
-2114.481674250966080
-2114.622253557485692
-2114.780775367704791
-2114.632028091215489
-2114.680424517404390
-2114.794396121498266
-2114.664876461964013
-2114.827167180965262
-2114.619184910813601
-2114.645000266803436
-2114.809404859116512
-2114.944194693558984
-2114.782992843384818
-2114.622284212949126
-2114.802777112694457
-2114.618206656255552
-2114.945239212649540
-2114.612209451215222
-2113.913682642406002
-2114.616132893066606
-2114.611070561137240
-2114.934403256837868
-2114.609292691503470
-2114.768730429787865
-2114.616189274046064
-2114.936336989336269
-2114.627659020801730
-2114.777332269787621
-2114.615985406354412
-2114.937774717150205
-2114.767652640122833
-2114.596151781933258
-2114.756464951216913
-2114.596239303471066
-2114.591282235660856
-2114.591905329202746
-2114.610268112146969
-2114.772353602310432
-2114.589815954649112
-2114.761575658669699
-2114.610922708768157
-2114.922835442675478
-2114.749191961259839
-2114.590483883225261
-2114.589450854206916
-2114.772445482351031
-2114.768179262914146
-2114.607099687740629
-2114.584890957364223
-2114.761728286177913
-2114.603243824998572
-2114.802243158460897
-2115.084825605121750
-2114.925545552084259
-2114.601297796691597
-2114.764419218496187
-2114.410359959892048
-2114.762447817795419
-2114.915036744306690
-2114.752031146041190
-2114.590995765161097
-2114.750891254346698
-2114.770319838154137
-2114.699496650951005
-2114.848916996903881
-2112.058753102466198
-2114.250225621663049
-2114.535636693530250
-2114.621127912071188
-2114.537298132509022
-2114.529291816416389
-2114.529679739657695
-2114.532131104198470
-2114.552615360296386
-2114.534099197293926
-2113.957753413968021
-2114.352743495423965
-2113.823268331177587
-2114.680461161759467
-2114.601384579453224
-2113.649002507993828
-2114.057441773967184
-2114.344332588880206
-2114.540405606799595
-2114.186010963160697
-2113.920484568403481
-2114.798266525583585
-2114.343787992209855
-2114.688075456142087
-2114.838136570532697
-2114.756561525281995
-2114.652243710668699
-2114.753576326383154
-2114.653658595605975
-2114.531064750208770
-2114.512316941005338
-2114.672649893623657
-2114.528175078580716
-2114.693115019401830
-2114.355923790968518
-2114.505516833372894
-2114.528996900948187
-2114.690518915574103
-2114.667886256007023
-2114.526971024552950
-2114.539219821967890
-2113.555733733945544
-2114.634360134805775
-2114.498576772736669
-2113.650970585348205
-2114.636637670187611
-2114.500439811433353
-2113.628094724359016
-2114.503071291032029
-2113.645567680929162
-2114.898686236143476
-2114.657016402047248
-2114.795258186956744
-2114.905304147460811
-2114.503270978837463
-2114.663650918189433
-2114.472376313313362
-2114.649854170263097
-2115.088601981376996
-2114.083582291909806
-2114.106935046807848
-2114.497536846377898
-2114.657796872046674
-2114.903407060572135
-2114.894412134755839
-2114.661941293227756
-2114.518019561623078
-2114.513838116768511
-2114.675244725609900
-2114.492540529217877
-2115.086675056139029
-2114.679280176778775
-2114.511313019225781
-2114.794299684258021
-2114.489156242637819
-2114.511064693375374
-2114.489113374952467
-2114.649411346207671
-2114.489825596100673
-2114.629855919370129
-2114.470579600527799
-2114.492996864092675
-2114.313582862776457
-2114.645175912713512
-2114.494762756439741
-2113.614239977611760
-2114.473277767894615
-2114.496970055370184
-2114.675304795119700
-2114.632225738153465
-2114.493132078409872
-2114.467454862677187
-2114.628650632223525
-2114.643504582702917
-2114.462395258221932
-2114.620513819180815
-2114.647638986283710
-2114.483372243939812
-2114.636761875895900
-2114.452974816570531
-2114.614877054832505
-2114.073943702249380
-2114.454720524098320
-2113.910059446939613
-2114.775180464852383
-2114.072672877557125
-2114.449996683446443
-2114.452132030166467
-2114.778458319932270
-2114.467527908646844
-2114.629270729058135
-2114.467718945596971
-2114.788953789382958
-2114.630143967342519
-2114.619906812406953
-2114.439617679736330
-2114.060963550944507
-2114.614466279421777
-2114.455805888645500
-2114.776225005773995
-2114.592721822584281
-2114.434900719834332
-2114.774834632286456
-2114.617452125095497
-2114.756300799459495
-2114.917462192421226
-2114.607303391961068
-2114.449523108657559
-2114.769036403988139
-2114.274909002676850
-2114.429221832610438
-2114.600332971114767
-2114.449618003155592
-2114.050554976879994
-2114.445410218072993
-2114.611277772718495
-2114.603324171733220
-2114.458200006473362
-2114.780047382696921
-2114.622187428364668
-2114.643441823066496
-2114.603041620337081
-2114.444557235438879
-2114.765919083949484
-2114.924717443617737
-2115.085069148145067
-2114.438230013195607
-2114.598974926544543
-2113.919558200593656
-2114.783422297840389
-2113.894724586065422
-2114.593670603419923
-2114.434907971656230
-2114.755432246629880
-2114.593823431864166
-2114.432424199608704
-2114.768999803375664
-2114.787650080408184
-2114.752675547722447
-2114.913715789323305
-2114.519614015632669
-2114.890457345630239
-2114.711883389659761
-2114.790418545226203
-2114.912542551919159
-2114.571186549504091
-2114.411620139891056
-2115.074775131165552
-2113.918160774326680
-2114.381278328015469
-2114.783342360116876
-2114.032467900074607
-2113.670832267503101
-2114.364982506644992
-2114.202024264835018
-2114.101073883665322
-2114.542038955023600
-2114.391312571974595
-2114.534698963056599
-2114.374296119282462
-2114.389750780690065
-2114.765193566630842
-2114.370767959354907
-2114.540888820030887
-2114.390517085670126
-2114.948491318994456
-2114.067434958933063
-2114.530202634896341
-2114.372664112790972
-2115.074098540291288
-2114.973967076824465
-2114.691379916303504
-2114.361751334042310
-2114.597865818519494
-2114.758115375233501
-2114.749643733135599
-2114.657617827074773
-2114.358006847856359
-2114.384973647282095
-2114.385945945781259
-2114.233294710340942
-2114.934766357120679
-2114.774429671335383
-2114.751164985154901
-2114.516444503731691
-2114.440396884665461
-2114.914760445224601
-2114.648075126962794
-2114.354216664886280
-2114.513791045385005
-2114.353246776161541
-2114.643058885915252
-2114.623494261084488
-2114.784634580319107
-2114.029764588528451
-2114.546003515483335
-2114.674912919367216
-2114.783519373570925
-2114.772140635859614
-2114.674281138245533
-2114.513953910056443
-2114.352458263060271
-2114.370394653096355
-2114.349566190235237
-2114.511315140785882
-2114.241061058355172
-2113.361080068219508
-2113.463561518306506
-2114.182533322150903
-2114.513039760229731
-2114.507059651028612
-2114.079954232422551
-2114.337447613232598
-2113.391167086731457
-2114.271945847177903
-2114.556497395416045
-2114.412540770815667
-2114.336509580739857
-2114.771987677881043
-2114.157249736792437
-2114.655974444252934
-2114.611715287638617
-2114.343638385212216
-2114.798147349753890
-2114.244808607307277
-2113.766728398297801
-2114.654186590786139
-2114.738432411957547
-2114.018565398913779
-2114.577301523181632
-2114.164700839726720
-2113.641134426610733
-2112.911714921237490
-2112.459385210691380
-2114.093507678618153
-2114.759441119931580
-2114.358774651340354
-2114.333093470198037
-2114.334329957711816
-2114.654474989284154
-2114.814763677991778
-2114.740814692935601
-2114.499311761222089
-2114.330651283935822
-2114.490718548682253
-2114.493304894114772
-2114.653931798278791
-2114.924087530735051
-2114.325077539612721
-2114.483757387752576
-2114.644071872091445
-2114.323305581716340
-2111.824309551960596
-2112.436492528018334
-2114.073479495381434
-2114.220654918181026
-2114.015889542671175
-2114.731518443314144
-2114.566594865555544
-2113.030989911280813
-2113.197966624285073
-2114.912161896155794
-2114.644907418079129
-2114.746951400158650
-2113.912741144275969
-2114.471712285466765
-2114.313730079645211
-2114.632685630065225
-2114.312332073479865
-2114.472520557919324
-2114.484030112218534
-2114.333564905364256
-2114.482524951200048
-2114.332126577610325
-2114.309822897423601
-2114.470129301286306
-2114.793833801474648
-2114.474474471876420
-2114.292546443267383
-2114.452670842246789
-2114.610251387763128
-2114.299350471426351
-2114.612880123095238
-2114.454910751596799
-2114.162892012423526
-2114.613926652421014
-2114.454429982247348
-2114.293659682310135
-2114.615834765788350
-2114.774999218083394
-2114.452643918817103
-2114.287190343341990
-2114.612762327421933
-2114.777122148993840
-2114.614810920035325
-2114.155781044224568
-2114.776334977872466
-2114.447534587621249
-2114.286322199103779
-2114.609420209170366
