1.3372571717783803
1.3237891720904562
1.3302840007841186
1.3241931219543002
1.327511772146966
1.3361294770409267
1.3332886486862434
1.3299579609067476
1.321525060947157
1.319038970992373
1.3393315951379663
1.3371396519655834
1.3287721131983672
1.3367379008720677
1.3402720492892295
1.3303778824903159
1.3323183139209507
1.339130516051962
1.3410385160583722
1.3429916226339564
1.3416747619501588
1.3234446285148984
1.3200758199433182
1.3234207245696132
1.3343045997288256
1.3251640938542213
1.3381262760424606
1.3440143599633252
1.3278821428504008
1.3325196598406814
1.3406978436592838
1.3426990473291387
1.3399529189512576
1.3352940293635145
1.3455388182345385
1.3257704916593291
1.3383586633835618
1.3371641692381226
1.3368594636910718
1.3265417709513772
1.3442380607028332
1.335577649254027
1.337845082317365
1.3373568972907168
1.3368567696863125
1.3421925643148254
1.3193297690711694
1.3365771830128552
1.3368964931785978
1.3281751484768842
1.3348700604037664
1.3326389161617027
1.3254997461997755
1.320609352608561
1.3356047628733423
1.3162047619726323
1.336818720223371
1.3364694576291334
1.3366983772196683
1.3348650604856966
1.336375478450535
1.3353658651877987
1.3329611785579918
1.3396628937714352
1.335794279095634
1.3242143520432894
1.3349969986781536
1.336763521881475
1.3348738223262924
1.3363991121924848
1.3301647192007477
1.3283275784924886
1.333635920730059
1.3341772132987704
1.3226877988940478
1.3249964510593264
1.3381251579469244
1.3362740086804892
1.3334166252195043
1.3316883624716465
1.3357447424774622
1.3355071691417595
1.343510375296358
1.3356925639295003
1.3408714303982225
1.3354823760106036
1.3347376011683982
1.327415546919806
1.3206863796114505
1.3189467982274523
1.325427123829358
1.3258303192758298
1.3381525647838872
1.3282663653813067
1.3377548351008877
1.3241254595353251
1.3435847352821877
1.3304861449112628
1.3385798105332012
1.3386858330711509
1.3438172708998832
1.3392394998036674
1.3283612035323225
1.340856969240454
1.3299812381950507
1.336543028438994
1.3299818369429688
1.3314722484913246
1.3275746865003368
1.3314557386405674
1.3292932832205353
1.3443656995968218
1.3267638342594537
1.3231158898251791
1.325929528280382
1.3356829962808174
1.3418569891207255
1.333608924324563
1.3211688719225507
1.3356947525533451
1.3315199627420922
1.3365280844874667
1.3256733714277633
1.3393803188913451
1.3403192122103849
1.3145433632455312
1.318232195357713
1.3339356043601738
1.3291392854508857
1.332701956304816
1.3283573629654033
1.3283597063610146
1.3374278399593291
1.342013961761308
1.328195883849364
1.3419185312798154
1.3420007438578696
1.3358004281828635
1.336088850743505
1.3268313902049513
1.3344420285761518
1.3331549847378144
1.332627701480043
1.3368005918869645
1.3292351614158189
1.3086620543551137
1.3502170303256593
1.3347423712422068
1.3327565087846451
1.3302903398458759
1.3276666002507898
1.3460704204392708
1.3264210929142723
1.327539691942396
1.320369844779058
1.317002175353691
1.3344134139215502
1.3284754209862781
1.3300872266043342
1.3406848177817907
1.3380969122377688
1.327981487320022
1.3270425469502363
1.3004377705634882
1.325265101415645
1.3335313190266986
1.3320713034864786
1.329469308201862
1.3068555054696736
1.3347795855839033
1.3359362001476802
1.3356537727222686
1.309037851280072
1.3369327707105718
1.3328298531089953
1.33992834219184
1.3336159030566748
1.3209756609382828
1.3307885726056727
1.306213686086345
1.3327421875235788
1.3333336344906261
1.3196022076506917
1.328282964251122
1.342791836502852
1.332664543419967
1.3321709288286123
1.3380201197788975
1.3392898384055092
1.3439422441552678
1.342293163502431
1.337131706890939
1.3301661088611607
1.340942534438082
1.327747878995838
1.3188003729811835
1.3367095866142218
1.3068439712619004
1.3110805434152146
1.3375980361821307
1.302605227995824
1.3065516061112938
1.337681234808102
1.3304143828399444
1.3339214565416484
1.3334575349194437
1.3128630933718497
1.3046203474641054
1.315180775195692
1.3075028382458767
1.3054630372926768
1.3119944449375005
1.3215555231375802
1.3306030727833955
1.3238052119209995
1.3062897674934582
1.3338824550047028
1.3094322483086285
1.333995032914082
1.3078673055310146
1.30550328290494
1.3120011856115101
1.334843824912851
1.3354817239716104
1.321232542403959
1.3089802243982651
1.3262866461458547
1.3360990182989532
1.3111367268178125
1.3069478159299857
1.3347781364185851
1.3406722988584607
1.3244095128120168
1.3380301709585096
1.3232708934218897
1.3216268495747492
1.331137265612792
1.3259458735523058
1.335259794519903
1.330504385238858
1.342351491441061
1.3135194150396174
1.328017209335851
1.3233029162656602
1.3243519180231957
1.3233923606446225
1.3054457555251258
1.3039167626067742
1.3225648122372897
1.3234685324226159
1.3173852068108536
1.3114536275692323
1.323938657319337
1.3178887956501506
1.3133941465389252
1.3113363556656845
1.3186194853240354
1.321600871969959
1.322739920836706
1.3280562563703289
1.3204314610361092
1.3229949906115308
1.3278918595644855
1.3191779305219793
1.321109536444062
1.311997406745608
1.3242925624047983
1.3090308169463405
1.3158529400379313
1.3191177602495923
1.3181507618954245
1.3207895414624085
1.3129786482818662
1.310089968473509
1.3108706142720272
1.3056630743091326
1.3071139542383285
1.317096836725292
1.3176490263817513
1.3175474941178003
1.3196719044163188
1.314217591637069
1.3155031716518535
1.3181626750214936
1.318436657215288
1.314515031639401
1.3196080552675318
1.3251380454031718
1.3154530422313913
1.321515762965647
1.312646295598562
1.32441277596683
1.320568920719448
1.320597897086386
1.324195736320866
1.324657797769752
1.319279081253204
1.3213809934433716
1.3197848882006764
1.3253723161005868
1.3093504900209558
1.305461796227022
1.3079817252094088
1.3137471824580746
1.309699813380987
1.3121971324442379
1.3147268120233824
1.3187153101025622
1.3045632701877095
1.3100303949539602
1.309826483392722
1.3040543470997603
1.3179360001000946
1.3215319531193237
1.319986784734364
1.318853247725988
1.3177493758299992
1.3143514560428857
1.3196688466850521
1.3158355016614196
1.313544049379743
1.3143380690615856
1.316342900304972
1.3127086597190485
1.3278328708029066
1.3262190686408797
1.3290108981222732
1.3276407563356312
1.3291746601390277
1.3183774181354586
1.310655860285812
1.319781920170902
1.322108081158397
1.3216550384239194
1.3205827677734359
1.320952299166211
1.3250235434497464
1.3273446238847906
1.3226154487502553
1.322165313659454
1.3226610050444447
1.3331688343847554
1.3090979692825369
1.3073256892511709
1.3301479318107594
1.3245472679817256
1.3264502822368158
1.3304765858527405
1.3288494037517777
1.3273174157987746
1.3123088355410553
1.3172382384609167
1.3165288489318139
1.315235767374869
1.3204206922905972
1.3154481742684598
1.3322839367911086
1.333996509588613
1.3265971762782125
1.3272429329133237
1.328536194123181
1.3361624250702004
1.3315889298008654
1.327980436766129
1.3224770774397272
1.3350767917293511
1.334729725643718
1.327038318169996
1.3220100344928818
1.3282679834392435
1.3319609971733986
1.3306175647660512
1.3174633854675886
1.3222816840842895
1.3253031132627249
1.3127415680735814
1.3200923007508392
1.3181488831228154
1.3252354784263378
1.3203960628982638
1.3288438628406423
1.3217445949342617
1.3175682941761448
1.3197730768004006
1.3183044833131023
1.3258242219042566
1.3201075160549454
1.3157721555619788
1.3140445107210752
1.3119927295107512
1.317104875204814
1.3144150122136629
1.3205408753435175
1.3215989405659658
1.3156435958115167
1.316628059752362
1.3168738638715716
1.3133022607129072
1.3227872485075387
1.3332984807121357
1.3220386802978037
1.3271324377603224
1.3325644555569887
1.3372998298483796
1.3225684095533166
1.3185791268957854
1.3209765767976165
1.3258365707768198
1.3249955518200913
1.335383314370852
1.3245240713079538
1.3170246596644053
1.318100396263365
1.3211218831466283
1.32402158382912
1.3163728696670312
1.3212862624430917
1.3232137841534422
1.3206830365478615
1.3225978755917482
1.3356716168553515
1.3225377405310557
1.3081828426525646
1.3167412456675298
1.3078248121449545
1.3181237256099347
1.320097351392957
1.3137135131418405
1.3207876271397323
1.323946332782625
1.3173101381166952
1.3074114344699237
1.3213609793441035
1.3298682543387723
1.3238420941561932
1.324591201332579
1.317112508321175
1.3224609026570344
1.3129171072236268
1.3250220678913942
1.3246935053794846
1.3338328876386532
1.3266274608329556
1.3215286536410815
1.3347164413236186
1.3309733691365175
1.3352947337878742
1.3169043005179708
1.3181632250953863
1.3296998710630663
1.3288247383578098
1.3299250978415846
1.3292308315175718
1.3378582329696298
1.3155343553340182
1.3264102857178792
1.3199505504551283
1.3109543166550177
1.3212173964263731
1.3135921830820496
1.3088455740618412
1.309697732289584
1.31010510953472
1.3189543425985448
1.30818457647057
1.3114003121956073
1.312829111391273
1.308761738681416
1.3053695973910175
1.306138506683987
1.3083357770977875
1.3097030982409525
1.308056981799336
1.3082144150759083
1.3097304723695289
1.3192328291868898
1.3107757974135885
1.3274741107126249
1.3181232032029873
1.3217310023917213
1.3256571373551573
1.3165373044984583
1.319950678104376
1.3179416832214268
1.3125356943403814
1.3197365788412616
1.3237594339140286
1.3211634721302168
1.3247876231719886
1.322870746313222
1.3245400115367398
1.317106073984601
1.317451193007916
1.3170025154793283
1.3147857280439763
1.3192993307363168
1.317080450529131
1.3147875098446518
1.3155104060012976
1.316877363852961
1.3175186821509932
1.313334293459621
1.3155449981877154
1.321386634307136
1.3254990322164328
1.319484452267037
1.318798822907455
1.327824615910728
1.3136500635961241
1.3299366816544764
1.325677199650686
1.3282218982024845
1.3245386700518265
1.3087181192859452
1.3136203680016485
1.334891476770993
1.3245045263238875
1.3217987070011892
1.3276807328914526
1.3156194139951316
1.3193095893434792
1.3202737317788773
1.3201703329808165
1.3139755316467927
1.314956168315856
1.321438980855883
1.3221858187646023
1.3308889467365355
1.3283354536475065
1.3358514146627172
1.3333475840748867
1.3141892567153854
1.3125060740631023
1.3271065579815575
1.3250210574578785
1.3296673369453338
1.3282852923766884
1.3217959147837983
1.3157010189569331
1.3189118591913576
1.3140367261133135
1.3182073473356555
1.315381996406724
1.3298066069491485
1.3286244476737832
1.3323861122344949
1.3248415422043112
1.3270688404776867
1.3277560440472063
1.327783133454987
1.3258101320924336
1.3213856201862317
1.3331904737611826
1.3184404211251894
1.3245497942045898
1.3239323278704331
1.3209933227652593
1.3180281446138589
1.3226386095532578
1.322628852057144
1.323376689473934
1.3210133482334327
1.3277723961184793
1.3213933438509224
1.3225913208375348
1.330170614768459
1.3300529343544496
1.3292730944150775
1.320309126195229
1.3211709536930767
1.3339767908863862
1.3331528420794152
1.3315088155539414
1.332830888555636
1.3349293403865157
1.3313524826219878
1.3320782105682474
1.3166629337617939
1.3185700778218994
1.3318598389181333
1.3393653499786855
1.329775887026316
1.3291084352230509
1.3223433633297133
1.3309647378161515
1.332917786366138
1.332469172965521
1.3338121661739653
1.3321053926072723
1.3339825372008836
1.3329620709030963
1.331270195066656
1.323147619312773
1.323768820379676
1.336892337987161
1.3323218198933788
1.3261834869090179
1.3344091900786834
1.3327373421095554
1.332870256249625
1.330039912864281
1.3232671925030852
1.339113010505021
1.313507073777308
1.3116410972404193
1.3101278800052991
1.3092225772651505
1.3079006942736122
1.3118369570901043
1.3281418854506168
1.3258319437804487
1.3308063115530206
1.332693077190096
1.3336576917752045
1.3189961695304864
1.3258331156008334
1.314379194822926
1.3202227363317096
1.3180040702678788
1.3094289177517122
1.3375181472551692
1.3333057844563052
1.3156191082110535
1.3116353671014553
1.3213551998107618
1.3251910300064438
1.3166541853379738
1.3347519489799267
1.3214380109376989
1.3187009683236268
1.3193811406130258
1.3205899952166003
1.3175018806653125
1.3185799432797112
1.3239045194773427
1.324271223345164
1.3212398403266945
1.3201850372441573
1.3146772372857431
1.3131978180125226
1.3130574502756038
1.311521224381781
1.3286238578514145
1.317162498065713
1.3192786658287547
1.3140979001835855
1.3171340076806552
1.3190628606102601
1.3185328292953271
1.3130924608627303
1.3101758707539377
1.3137451353496914
1.310683948731967
1.3168162377583874
1.3143119666710197
1.3182725059434777
1.3168200077821854
1.3274048338419602
1.3288395525388093
1.3254188577231543
1.3283019050543277
1.333969420105647
1.3260840083065037
1.322100499566907
1.3191922360176007
1.3218517769650635
1.3207148863660694
1.3197975176749812
1.3176294326584836
1.32539002149788
1.3176443691925857
1.3206062725989547
1.319188264930449
1.3166464090934527
1.3223259803832437
1.3225145708471129
1.3188538738143207
1.3212830160416689
1.3213696910465564
1.3167565045644487
1.3207275778363692
1.3166441372391042
1.317993110032378
1.3222721861660236
1.3209278350834526
1.326819161501741
1.320552542753019
1.3224181561322945
1.3198568236904724
1.3171979904908824
1.3221016608813296
1.3233686615348643
1.3241966586632092
1.3234052615698186
1.3103362370180542
1.3120640439229718
1.317585139595864
1.320806977228853
1.3199690105670778
1.3236692475428353
1.3183553294930732
1.317197513274011
1.3175133394823149
1.3162786799552209
1.311898250376692
1.3143453157437874
1.3221617782074508
1.3167187036630266
1.3156395931133733
1.3128587516742052
1.3129761334073278
1.31155741320052
1.3177212356997885
1.3235674307875633
1.3292759836541377
1.3204994583000058
1.321473889200312
1.3274250552323006
1.327881058355855
1.3221984519196064
1.323597097275325
1.3223520962059232
1.3223952207429606
1.310577155463828
1.3082561790602305
1.3124498191065184
1.3046245319467806
1.304355117973167
1.302871943935643
1.3029202619887201
1.312431780429138
1.3095534177076178
1.3138485383563145
1.3108197546175853
1.3161549439990534
1.3108880829877556
1.3136949951712122
1.3141796133258867
1.3212450662855715
1.320295948319664
1.3248272528210439
1.3253809516573554
1.319092671972966
1.3165525576226635
1.3230515811781738
1.3191709463941623
1.3167258894780984
1.317231128012286
1.3221422147201418
1.3238117682035324
1.3246941418874836
1.3206058830851235
1.3201289376089864
1.3215917291896784
1.321881756113182
1.328946270860441
1.321994665129073
1.3254538442208748
1.3301585485413492
1.330168023137794
1.333476968723625
1.3241802640398206
1.3279760038166686
1.3303017283065999
1.3230333695316951
1.3188720828981113
1.324470007495371
1.323337381616963
1.3217062581699757
1.3266429033514946
1.3159161847406045
1.3161345675239835
1.3129042081552178
1.3229344883947594
1.320396696824345
1.319739447867367
1.321416634872223
1.3229544399207938
1.3195544020458507
1.321622751273133
1.3278690871989745
1.3192091202894425
1.3234708026996531
1.3240866168718526
1.3185266941056557
1.3203125261066582
1.320658621505781
1.3193512103219516
1.3229769979558021
1.3217536930144607
1.3247276566399693
1.3220660785058256
1.3176286979352305
1.3223992681629135
1.3243227312140273
1.3215958990859515
1.3200446799910655
1.3271494363498844
1.3149568456889325
1.315358300468002
1.3190440368214587
1.3146163566917133
1.3233892901746698
1.3209155338554956
1.315836855411724
1.306802613061357
1.3125100976529889
1.3090848954714165
1.3115303762384287
1.313277514027124
1.3199089074055308
1.3147946161520623
1.3113694266834461
1.313173712402144
1.313317264349704
1.3197475428111318
1.3120695219604808
1.3160123145170446
1.318371965983677
1.3158353925339423
1.3117731787183764
1.3323325736635314
1.3189538838236605
1.3192097906714422
1.3120719595058499
1.3143915811812596
1.313822876278341
1.3151607310059972
1.3215208944010683
1.3135465606771082
1.3243282599940625
1.3119257620421416
1.3104432568972229
1.3133736426052862
1.3102550651320342
1.3146125166741163
1.3170435880731381
1.317312028640192
1.309954673884187
1.308550742088906
1.3125798822376764
1.3106423470892465
1.3145276410726057
1.3190478360020237
1.3168208413391262
1.3261441426752931
1.320041100042322
1.3253318237928937
1.3248184108495822
1.3241928395317117
1.3240372987233904
1.3225992996833562
1.3253109790809032
1.322696154562056
1.3240835113053162
1.3203125072371136
1.32522651906842
1.3214019738710692
1.325421802624745
1.3138773765045155
1.3179918888135305
1.3169325097842026
1.3226119445347597
1.3179082683148082
1.3156687800558915
1.318188317428384
1.3161333380091087
1.3176705425855288
1.320931014478145
1.3161623038125458
1.318802731843813
1.313528721208602
1.3228453254063974
1.3231264685463315
1.321287266374612
1.3235877722773361
1.3131772071840533
1.3156562257173374
1.3140795397840697
1.313919840292296
1.3226871550473553
1.320325935107689
1.3189995750548562
1.304755344390268
1.3117914791140544
1.3111972657476674
1.3166440558454893
1.3144438290367253
1.3135481450803468
1.3169600685577523
1.3184146553420062
1.319600657475846
1.322670972741448
1.3185341198822553
1.3190702481756813
1.3131822487766238
1.3124380171256809
1.3122883693149716
1.3168769810920822
1.3126604383388938
1.31318789200652
1.3096381044375456
1.3028016984650823
1.3220853664787986
1.3266222348572165
1.2972787645900952
1.2929172609971247
1.3291207553094837
1.321824915607744
1.322768476423864
1.3072666967448758
1.304151083862752
1.3012286161274766
1.3314437184079242
1.3160567761594035
1.3264736703253621
1.3070217276638194
1.3133843313645395
1.3288926069873812
1.3157780141792232
1.3261118379247638
1.3258138798664636
1.331479630093404
1.3272426054300426
1.3179896419717634
1.3176912710517028
1.3162225704762227
1.321749570498038
1.3258613026179573
1.3148084196067313
1.3275266506248582
1.3245994079095735
1.3205919165597253
1.3049235072767653
1.3100550371234712
1.3274435619631104
1.3108351616947935
1.3055131368009836
1.3212115985764383
1.3176462204745891
1.3180866091985257
1.3178485216443496
1.3263683090188711
1.3197319283395135
1.318185000540747
1.3147115761548327
1.3140148083437997
1.3148888245059804
1.3164130059599932
1.3132828150633546
1.3185704232801825
1.3157206453721457
1.313700805532646
1.3222103970584058
1.3184340267783592
1.316084915819924
1.3009132669423202
1.3029960089439274
1.3199257037371468
1.3179317904985135
1.31367213532304
1.3199731903209173
1.3156108828607032
1.3116757029232053
1.3189098484860033
1.3084103160348473
1.303570991152033
1.3092462156431106
1.3084651992547296
1.313081161166052
1.3050694789162964
1.3101902473390237
1.3085902209101274
1.31533790440006
1.3168824168111308
1.3156615879517621
1.3035896944754828
1.3111854520498434
1.3225780095697952
1.3225040663558754
1.3175884136956761
1.314601092982959
1.3305685732130061
1.311644252422925
1.3114698378421528
1.3135106184703158
1.3179495610314094
1.3139171326430654
1.3229274795182462
1.3247076045515382
1.320943908568262
1.320266184296612
1.3233473753483327
1.3258068041467317
1.3206106727411404
1.326763956388081
1.31390986920247
1.3185892692296262
1.321193316361604
1.321509122901928
1.3198874939623366
1.3130969801106827
1.3161730225417252
1.3209410176329202
1.3158498340335534
1.3193029451476286
1.3126739903006923
1.3167977129340964
1.3324419692130518
1.32673134595708
1.3305372993937112
1.3239974751373298
1.3342264496401055
1.3243011341851685
1.3243009490825384
1.3237772507930519
1.3219817313835223
1.3346792288068687
1.3258415477986754
1.3173194249441558
1.3216211692981652
1.3268535038456513
1.3216210879544035
1.3338131488637897
1.3325603969486166
1.3228552325598864
1.3179750517152966
1.334437813537372
1.3268186514017024
1.318655602135242
1.3211516304574045
1.3173056166315122
1.3173552984289238
1.3152875378223168
1.3148305225104904
1.3206850957132745
1.330957212428262
1.3242559586166933
1.3212514953493895
1.3254628945826092
1.3113208535841656
1.3186031008124508
1.320877773829097
1.3201509937630964
1.3194392908574186
1.3154946117291775
1.323480590350039
1.3176063712385333
1.3132947122427743
1.316299471283581
1.329629802120498
1.3250826771157622
1.3262195053965828
1.3230004813380065
1.3226241082949444
1.320298085182689
1.33207831456305
1.314868455459756
1.3111073851684565
1.3180835662214703
1.3210963227641355
1.3202023782205317
1.318434377423379
1.3147954776116753
1.311289718145092
1.3160755803021416
1.3065635908922124
1.3138711175698696
1.31031944617384
1.3067455468470988
1.3098878571402564
1.3073184425425743
1.3195902897165572
1.3181218158846166
1.3244058234723832
1.3269898196669396
1.324949790669833
1.3276359157327016
1.3195996054760484
1.31936663162748
1.3234599291775981
1.3238132673729188
1.3207911253608229
1.3198154873594676
1.316177260582046
1.3195912297434986
1.3196892181099373
1.315583220912044
1.3138812557747328
1.31441778345609
1.3152740781245968
1.3124629483685781
1.3181372922246894
1.304858336578258
1.3156136008683648
1.3161696495764141
1.3118670435744393
1.3172095107492334
1.308030318065279
1.3242303491739884
1.3158990749406116
1.3125465666780252
1.313655128298115
1.3107139370822096
1.3123948621363533
1.311919520059683
1.31533485253033
1.3167775075837804
1.32470046080782
1.3208223974747668
1.314599427604536
1.3219596980149932
1.3160069243640473
1.3134184928406352
1.31879849583363
1.316077409170721
1.3147727129938434
1.315762383577326
1.3142179072201547
1.3181893748702085
1.3170119081133511
1.3177846926830414
1.3150087067494312
1.3171710758339839
1.321298646201141
1.3146737384013838
1.313321482349432
1.315098642383861
1.316656170743359
1.319902469364609
1.3179784611515075
1.3191983610712594
1.3147240855687083
1.3174760110795207
1.3158536632789426
1.3204711332656671
1.335234439724496
1.336942280052153
1.3209291112418733
1.327012633326222
1.319902222291633
1.318777669899134
1.3242157330328364
1.3196096576621694
1.3209412438453854
1.3214687746443667
1.3282426677950014
1.329821310079499
1.3331791626569482
1.3276282426182853
1.3320663323673845
1.321927706446408
1.3197758638726746
1.328151827614868
1.3241099665266371
1.3191885874302036
1.3164081308878266
1.318512469700805
1.3235583343961626
1.3202044140406837
1.3171383535719283
1.3200594144564857
1.3195380134833088
1.3295154363478798
1.326036863425511
1.3329590719488082
1.3350407947239984
1.324160677456511
1.3334542373639655
1.329739353397566
1.3305695761188632
1.3265833376247895
1.3226281284071186
1.3245463372942137
1.323727850776296
1.3277257264396702
1.3274515789874923
1.3303826216044436
1.3336188262998334
1.3224224711535921
1.323884802855301
1.3255516998820902
1.324255099689416
1.33040222776701
1.3321649386773948
1.3364966719537215
1.3347535895057214
1.3258654273755728
1.3234717598413268
1.3342623049445728
1.335213164844033
1.3219759213661197
1.3226049219069915
1.3264377097874502
1.3183822242048107
1.3188811799939997
1.3330950457219752
1.327602417207852
1.3299493219142735
1.3142090472577899
1.3297555635889058
1.3158312599805613
1.3194836386147144
1.317438457003813
1.3222000929742466
1.3145836077583535
1.3164423442659408
1.3197925501406904
1.3207051040089322
1.3251802155486818
1.317367685061111
1.3135287912836642
1.3243020153763803
1.3216690455997424
1.31517477168687
1.315219152014557
1.3082340585994587
1.3089582036580645
1.3087285055641786
1.3141330508646067
1.3064816115950875
1.3068342388108403
1.315752157509152
1.3121922569359317
1.3118221176875373
1.3190834270541716
1.318279250391415
1.3191037094319709
1.3117167746473055
1.3046188893344073
1.3107588370100816
1.3128768276550884
1.309007094933749
1.3097488061671965
1.318994778997206
1.3166595426968126
1.31504981139539
1.3129394691185698
1.3259830604032128
1.3251858938425547
1.3264521897150148
1.3130251437260272
1.3070025976051465
1.3280443284192323
1.3304738641949454
1.3145154285706981
1.3159839926930255
1.3214761480513542
1.3312250035625373
1.3149504076767056
1.3281149258583038
1.305534672633334
1.312212874426969
1.3159810726174188
1.312829823147258
1.3166969615539168
1.3202666523658753
1.3116650696888386
1.3121968310935135
1.3192248899129622
1.329490401628443
1.317602027064315
1.2901180684309757
1.2985976309012552
1.3083494144543888
1.3109191344162043
1.3168395599726532
1.3021445948587054
1.3062271219969896
1.3086688633931232
1.3119319100405946
1.3035958471842086
1.3106205804801738
1.3017177274945755
1.3026527634448177
1.3119234149206203
1.3153717036967798
1.3216147426385563
1.3172071087829782
1.3263098209656363
1.3194419671334836
1.313311790929141
1.3058035075912564
1.311008826793715
1.3055493030204304
1.3171781171661807
1.317892240543595
1.3132040815249302
1.3194951428505939
1.3181941920464786
1.3019054442902278
1.3286757486131473
1.3173850340340798
1.3211614109938195
1.3229209694933983
1.303621191622928
1.3161697383033668
1.3204004244822518
1.3139355544921634
1.3140969292503402
1.3153358886971043
1.3133917309316014
1.3116021217694793
1.314877943727863
1.3125389987801972
1.3226164309358561
1.3194477450528883
1.317058243139936
1.3108897616429382
1.3112925170251344
1.3176662333387446
1.3209395911472808
1.316693423036071
1.3225161505349177
1.3236837070210734
1.3173780787744827
1.317481080990325
1.3212855276507345
1.3150066355308494
1.3251722035838605
1.3187241205930382
1.3205406085035674
1.3182085398962446
1.317701729657087
1.317492952777988
1.320115639280542
1.3127680564360344
1.3154109301406194
1.3131274079023096
1.3151634195450619
1.311748616169482
1.3037992294300855
1.3211789142967427
1.3247805261543875
1.3084134924083757
1.3073304213565402
1.3246811210562182
1.3273648051971156
1.3085303700634472
1.339305023622647
1.3208755739034397
1.3158068168858217
1.3048743763765096
1.3149965743429646
1.3182976558985604
1.321599708805545
1.3142286108263488
1.3230611283147995
1.3332856459639735
1.333086841113176
1.3173822153003572
1.316924164501284
1.3229641732737982
1.321558035210421
1.323738576495403
1.324743442395195
1.3299281429708356
1.3244947466333734
1.3203457413694424
1.3204922331831725
1.3274492171525782
1.3259964444183083
1.3260675028843836
1.32968753331922
1.3271229011512349
1.3375549982652166
1.334852052599679
1.333778266696061
1.3364998737350862
1.3218964933580901
1.3357414022374188
1.3365862364970367
1.3379792249544225
1.3326228912060196
1.3258038407163149
1.3211108174690442
1.3202447527583325
1.3165276148399232
1.3198038712788818
1.3182206637877527
1.3184706283441217
1.3178222339996737
1.3120976695729636
1.3190543331896811
1.3134352296600862
1.3125332990722673
1.3216643488693645
1.330991989273786
1.3154043336976164
1.3163456905955613
1.3202686956422365
1.309380343402511
1.318985817252216
1.326506009669838
1.3197637311384398
1.3190205469399574
1.3187119248276706
1.3245125251487748
1.3138127523118712
1.3112726197324696
1.3142662784895192
1.3181139593485174
1.319729960913962
1.3148303838496536
1.3200638029169542
1.3189704881238442
1.3036570322848
1.3120036171269835
1.3209778950997328
1.3134727529781576
1.3195359429813038
1.3346911689846954
1.338262019588478
1.321171024512574
1.3243248016772047
1.3352019672963609
1.3326050493107644
1.3279455005436978
1.3166556128900646
1.3313132636316798
1.330783321768725
1.3339331637844272
1.3291916921104516
1.3233267612693063
1.3254629517676995
1.3298307804981724
1.326495124925755
1.31632978214812
1.3227726764034196
1.3195489841439019
1.3237737279742259
1.3185746615052818
1.3152519985358626
1.318483362198205
1.3194159396922576
1.3177032082002398
1.3131871969718047
1.312264342751521
1.3129620051545723
1.3114085854520505
1.3036320103693742
1.3103970652558972
1.3135683636596207
1.315091225986203
1.3122375156948858
1.3214305952445633
1.3189003883460693
1.3114813975380528
1.317544401224294
1.3089470986509013
1.310083734816252
1.3093227267363514
1.315068653860297
1.324092213815717
1.3289484589816831
1.323576809431649
1.3219888743518475
1.3166543910754536
1.324240457291845
1.3232693714608408
1.3204100754090697
1.3190046750714637
1.3159173743264285
1.3249608922868994
1.3161628945793882
1.3157439244828042
1.3233172306358123
1.3160570327981322
1.3175285037468196
1.3233844183442698
1.3252540642743984
1.315386691407413
1.3156377142278195
1.3223001587280327
1.3230817982424192
1.3183713956512157
1.3166628979053712
1.3182187164434627
1.321129785977825
1.3091656915908465
1.3092457932282435
1.3190893898148577
1.3251772621913906
1.3303040415634628
1.3266826336357436
1.3177591005054679
1.3219714730899546
1.3182156249113912
1.3193867817850282
1.3228628177674346
1.3226045142982252
1.315651410882054
1.3265032461317297
1.3179360074786999
1.3149827919345587
1.319182732743849
1.3225405721359715
1.3154273374643846
1.3167742066298944
1.3181423945019752
1.3212156962402246
1.320707415700384
1.321347854812325
1.311591853490196
1.3042322869926901
1.3060716788249729
1.306706431184218
1.3161499536282497
1.3088191360303811
1.3102065000648186
1.3074368674213728
1.3080256906758359
1.3086182550205379
1.307439566573423
1.3125862782759576
1.3131123137103664
1.3144759214006225
1.3288548508805877
1.3274880219270677
1.3256476922249876
1.3234633071783088
1.327703343078685
1.3247203586742682
1.3259876235866874
1.322310493456539
1.3165969728689562
1.3136720809554747
1.3249981325026141
1.3192204067362463
1.3146840587339013
1.323256191997173
1.3286709736364604
1.3249780901527783
1.3142885924113425
1.3143199756896853
1.32071207180682
1.3097586363548825
1.3136603558650084
1.3253729390240612
1.3203863639749844
1.3149796492151657
1.3189469211547553
1.3238670557921306
1.3282932436601655
1.336260293844356
1.3308433391387233
1.3363602648008532
1.3337280605066633
1.3325955382596184
1.3307418011978378
1.3277871083229131
1.3218793795741774
1.3319779667504341
1.3381778304510603
1.3421261408114005
1.330348586976071
1.3273758656020613
1.3365023081146632
1.3387396375324465
1.3346512443180274
1.3196164763114788
1.3154856035136904
1.3024221926900752
1.3132421260222138
1.3090778489386614
1.3038140383512398
1.3018953313191233
1.3167836315359733
1.309528484958698
1.3103775497427759
1.314152860748409
1.311290577250702
1.3133745685817537
1.3258898648134334
1.3078577448153945
1.3032507605380448
1.3027599467921236
1.3120381596412596
1.3207692277772722
1.326673124833338
1.3022021378958821
1.3101710260022943
1.3078842994336475
1.3063421955984773
1.3029794466707563
1.3197522726907014
1.3281260213715116
1.3227314038416265
1.3255256743273383
1.310821364146188
1.3116008516921487
1.3067824932673562
1.322681782756625
1.3051459055280843
1.3062112221590971
1.3081452873696642
1.3170558047580787
1.3074033573632085
1.3089127223448822
1.3168705264407223
1.3181868201260978
1.3229738583642103
1.3169714125249767
1.3136405740741186
1.3118086686244248
1.3174584955040785
1.309889046465115
1.3148638491370126
1.3193962575243519
1.3180047990651858
1.3226167605974073
1.325102049357423
1.323541547649099
1.3243799420667104
1.321126346691118
1.3250992755396003
1.323778632984856
1.3239040697481708
1.3139193039755543
1.320654974154869
1.322193892725976
1.323461483980754
1.325327288368444
1.3222966774493594
1.3222906490818256
1.3227358294192384
1.3332548474171833
1.3364003572856737
1.3260647948873334
1.3209460304080505
1.3209457914029354
1.3210232842856386
1.32285392025721
1.3040055880391956
1.316576916693325
1.3073450807355196
1.3080647490566866
1.3157327856220604
1.3121285922221873
1.3180743315624486
1.3203053433719638
1.3093141582207883
1.317395981493029
1.32022970210773
1.3194617412291068
1.319982689270826
1.3230119350071539
1.3089770209768616
1.3117744158159457
1.3149525968817886
1.3166262446231753
1.3374233838269975
1.3325522922955437
1.3164418145661594
1.3170563521313476
1.3140716415686273
1.307939805403637
1.310053938160592
1.3103153440615931
1.3228231858014723
1.3268040822411504
1.3188104012989212
1.3108225750286076
1.3169708430894247
1.3106210479081823
1.3118665776754077
1.3094083628305042
1.3145015213536373
1.3074099266454942
1.3087116134950434
1.3095083909521925
1.327774832204957
1.3199467998761352
1.333827827499744
1.3297001224551197
1.3183367764042668
1.3162095973357126
1.314122659223351
1.3214486234170868
1.325276500960336
1.323578888313808
1.3240207568177416
1.3172254970886896
1.315188073459745
1.319603662461514
1.3256472019723717
1.3243999161268278
1.3214135388504746
1.31318523842016
1.3180517515734675
1.3311729919586035
1.3253960288271476
1.3144323663573871
1.3234985663871501
1.3219544100036278
1.3213753001284212
1.3181168611678535
1.3331427688336555
1.3252063252900044
1.3258540872229285
1.3239021086151952
1.3168421028583395
1.3215340299341525
1.3189429944590874
1.3333419492910914
1.328194362657036
1.3258499953192515
1.3244672666071144
1.3182561814137623
1.3188818608443402
1.310539907604917
1.3148790296692054
1.3178525435213675
1.314988815724304
1.3110169904840567
1.3111941357534123
1.3104839515807647
1.3052287041593342
1.305243474610389
1.3195990052966196
1.310164744864128
1.3171170689214555
1.3220662704986192
1.3212533625050895
1.3189363073387235
1.3126916926042909
1.3202905187969398
1.3167528186635387
1.316679891243406
1.340943058967334
1.3424776410342596
1.3351470309129154
1.3281923395004018
1.3233791099424583
1.32746312920638
1.319415385564145
1.314899034973117
1.3285782407729674
1.3318705239902269
1.3082827764713074
1.3096032484657494
1.3236434167237727
1.334082341179725
1.3213983358429735
1.3260504114662972
1.3221756740762667
1.3261640445633427
1.323668975228967
1.3347277931154808
1.3379051493036593
1.3173733539510277
1.3201012324673485
1.3121487124933617
1.3321533143991986
1.331086601948846
1.323720970002832
1.3257099848520066
1.3185067042229002
1.3456962127125751
1.3315644315485955
1.318338107694499
1.326577615711648
1.3187652551541569
1.3308921642495293
1.3302416502539676
1.323656331519679
1.321481995661718
1.3242186871683161
1.327488838048591
1.3292511005552377
1.3267804058008374
1.3257771742176399
1.3188094893789857
1.3059381170214839
1.3075779172323712
1.3217366567636892
1.3098843863970964
1.3187790650415938
1.3044626218362465
1.301996227603493
1.3049868684368304
1.3045742365587834
1.3131961728230956
1.3089568453738947
1.2979465339065472
1.3237585271923806
1.2967636693396276
1.300460369842395
1.3002519797378367
1.315670931307985
1.3070426698352637
1.3363518005778612
1.3371213016483532
1.3155716392976093
1.3185606648074357
1.3150008150025732
1.3269384536957165
1.3257665448263145
1.3247401955685723
1.327578378071335
1.3183136646484261
1.3327245380114203
1.3220894920357398
1.3411712500549795
1.3403041115648346
1.3402882066879056
1.3385344115787046
1.333401194031477
1.3121307809228822
1.3136204463532943
1.3203298992146026
1.3179358898556186
1.3143407502033027
1.3357942307644466
1.3322469050993344
1.3209466297094912
1.3255447467140145
1.3213598334575323
1.318053667346068
1.3361417153199555
1.3196403102243501
1.3133289888117634
1.313720953801152
1.3103453056951617
1.3166611578965608
1.3074246202047635
1.3165894955219
1.3106430308316976
1.3131905821335967
1.2964867462618457
1.2973162145409707
1.3033248347679751
1.3126367919255355
1.3106175153994148
1.3056890294541785
1.296148913395761
1.2958378990310624
1.3041368258143005
1.3058110203339515
1.3065159959288342
1.2905194088320557
1.3096746071206828
1.3206472617887166
1.3231839044747522
1.3038453139898423
1.3070515215395948
1.3126695289211616
1.3021892818243257
1.3049729034783628
1.3175217049276744
1.3163398283171732
1.3027406413494924
1.3092374996724994
1.3127061331027305
1.3017248439858196
1.3195886351005528
1.3096115455513089
1.3173450791766226
1.3048720131469036
1.3072519065919606
1.3185714982949317
1.310195808427745
1.3272235834336694
1.320290693918836
1.3349364470609877
1.307004147326404
1.3254424421777364
1.319800828307576
1.3202424988574974
1.3249841396042104
1.3321696253364375
1.3358726730104304
1.3156085118974652
1.3249573213038572
1.3170251272625801
1.327575838190807
1.333732528974539
1.3197385082920148
1.3205673966861826
1.3225417722406032
1.3216441451079362
1.3359606144266092
1.315773422373953
1.3222457649383381
1.3253724927953756
1.3203245280805413
1.3115823106870186
1.3145698871407636
1.3206587727328483
1.323805988368143
1.3301784767327107
1.3304325613657626
1.3335603290786207
1.3317813868489863
1.3180283272715718
1.3235899474339925
1.3244711811752543
1.3216570123629556
1.3154567229919245
1.3182452368753923
1.3170468939012325
1.33054389451945
1.3194563580898593
1.3238740127495374
1.3186602902589222
1.3147668754830293
1.3032960015103228
1.311555631372355
1.3139169870917031
1.3159963070795242
1.3087862739584357
1.3057116403213147
1.3179861312580945
1.3125049416561778
1.315837533060057
1.3144428369698957
1.3084199932438838
1.3090902874503665
1.307278217677371
1.315148029272836
1.319508082829311
1.3229169547645958
1.318969175821116
1.3295279950512402
1.3320420642348019
1.328122391876807
1.3200624023515517
1.3190788481024707
1.320267617886544
1.3253728138571486
1.3146935384893061
1.3243628817798117
1.327707446291933
1.3287693160506477
1.3225901709321017
1.310051898304873
1.3130931984912544
1.3299455928380643
1.3207562314000936
1.3136709843580305
1.3140789610183332
1.3142260837421027
1.3187295481038357
1.3232475031882613
1.3153081156087492
1.319879832378086
1.3336727067909473
1.3124179198264512
1.3243996699906284
1.3289582635196155
1.3172451336751583
1.3380045829080491
1.311827479352269
1.3154915222338346
1.3132675248512926
1.3047472945252145
1.3351356284652929
1.3340206174447373
1.3321134267626662
1.3330403901790981
1.3238437141713344
1.311542357530788
1.311930474393825
1.3122559506601617
1.3244452591127005
1.3137071864428218
1.316924637018793
1.3163133648891774
1.3137773297263797
1.3196462829301654
1.321326230817681
1.3165736771681058
1.316141046469819
1.3095174225031811
1.306487424259501
1.3141592313561925
1.312329843306021
1.309062059845879
1.3084069375085712
1.310550156448986
1.313841662071475
1.3068106775616726
1.3085498962521538
1.31570029449964
1.3254643334390188
1.3068207096547302
1.3039534876866241
1.3207093210078267
1.320991042076735
1.3047571882481668
1.323726904161803
1.3344632001027275
1.3218685197316964
1.3212972821814584
1.3189768976998801
1.318261174051505
1.3105733997777202
1.304847600710486
1.3109202141773624
1.3192609785685203
1.3165246730487348
1.3173627131614731
1.3226991700927473
1.3243422037718933
1.3242900943784628
1.3164239517888627
1.3138328966601465
1.3066245628959117
1.3172441371250605
1.320289097740677
1.3113404604458154
1.3081950850255617
1.3205682181274865
1.3138625112267812
1.313605382087859
1.3134359659378976
1.3119254868732038
1.3047017777712537
1.3042452144002874
1.3214519345121092
1.3193500962530427
1.3244567105816751
1.3274646349328416
1.3184258983254211
1.317890281777546
1.3143782622266718
1.312603991409604
1.3114777626662446
1.31412885049605
1.3189317174298598
1.3161225403933783
1.317810801847761
1.3118239449291025
1.313628875898718
1.3211841675181766
1.31828306401831
1.313348474667813
1.3143609518257833
1.3109826770316506
1.3134302102827138
1.3093074938252576
1.31447495668307
1.318537222175884
1.325759009963408
1.3172315547902615
1.3085636365413336
1.329246815361127
1.3251309636805892
1.3229383269928554
1.3101554540593725
1.304995930141968
1.315996664420762
1.322824505532103
1.3112213076175085
1.315841189790415
1.3252303786627986
1.3275984897903848
1.321819129863202
1.3246685951070691
1.3236170407765848
1.3124792555648557
1.311404014445047
1.3153009624206484
1.320621261087717
1.3118832951055845
1.3155323527841332
1.3164102457832447
1.3154626161176042
1.3362707752241627
1.334002977040566
1.3112713159169593
1.3116609120630986
1.3309093261203413
1.3179735672933948
1.319831476514226
1.325442672342741
1.3283764580097603
1.32364492303842
1.3138740718709607
1.326193511812654
1.323433701357581
1.3204764991690134
1.3217596401237273
1.3292148735717106
1.3314272516825723
1.3307408710033741
1.3335669258834726
1.3284780454751313
1.3192009765143122
1.3222540756530796
1.3147412412498478
1.3171867184675197
1.3280829237439884
1.3033384011362232
1.3071514210330921
1.3164733366446502
1.3213504896171537
1.3211728645406975
1.3248921614475546
1.321452783576715
1.3119678298167803
1.319662543744422
1.3232898467135648
1.3090538293535745
1.3218281851875449
1.311860066814068
1.307453303161423
1.320126565548413
1.3154117600987367
1.3241399049981286
1.331562119584291
1.326305329999574
1.3243324936506602
1.3205536819094794
1.3247317541527828
1.326281867090372
1.3259161461330684
1.3281532908645897
1.3236020455959467
1.3335510719345922
1.311358091689196
1.3206139839720126
1.3220018271637122
1.3246637672249595
1.3307135959074703
1.3281768714666016
1.3256367886616462
1.3329285270734128
1.318932465780314
1.330924668781223
1.3267498906259971
1.3209255924379584
1.3190745345935504
1.3190074606548943
1.3167624445005428
1.312267696726069
1.3107208091363256
1.308587778878938
1.3006370431237622
1.3118731281770724
1.3131473634332202
1.3215050217540614
1.3044423261032254
1.3073359929799955
1.3302789990125625
1.3296955124992187
1.3225153093431163
1.3305782423956398
1.3073305712205576
1.3121581814437602
1.3117621452493917
1.3155578887916817
1.3173794328615784
1.3160933126601864
1.305326346003739
1.2989249376789052
1.3196434835340638
1.3212843042576492
1.3243484567370132
1.318155341932279
1.322963446280307
1.3053368257482665
1.3089141186745459
1.3095965393982831
1.3168222899072037
1.3169845614489333
1.3392148578702057
1.3375378098517836
1.3378894444356977
1.3086926485228536
1.3112045561374992
1.3226320656324453
1.323323777904507
1.3370345637549115
1.3251067078479049
1.304151519944934
1.3101360741947239
1.3380898630917728
1.3402028563602408
1.3366955866850077
1.3258984260729054
1.3228464688719594
1.3115712383575155
1.326546625686142
1.3298865836391545
1.322365317391047
1.3248058550201596
1.3282592554759398
1.3186013051917953
1.3155182200950153
1.326817693438794
1.3153163025998587
1.3211073446181738
1.3192211626493637
1.3341817280071688
1.3292276398136236
1.3186762306917055
1.3167946932670007
1.323906975454795
1.3296565539968548
1.3218971420453363
1.3235446633926862
1.3124564718089569
1.312652192560104
1.3155727366644294
1.323175458477403
1.3202143961529378
1.318128211908839
1.317771258280991
1.3108229406460912
1.3166441791279992
1.3221979684369656
1.3234853443187866
1.309075603653261
1.3215932573896214
1.323292298154574
1.321782501006966
1.3290888746756317
1.335366310633668
1.3282444231274906
1.3255682627334942
1.3234252339991732
1.326384952250571
1.3158774291974296
1.309247860510909
1.331576435897314
1.3199914889658149
1.3201577448419408
1.3166674983255133
1.3167707031099252
1.318100156298395
1.3268534075024208
1.3122104760977735
1.322291821834611
1.3205843259155166
1.323341013223138
1.316376513267682
1.3262547855273916
1.3213617701841192
1.330035567832452
1.3200767855379218
1.3147769258721829
1.322222495024261
1.3162614451202894
1.3126878064732797
1.3174786270057088
1.314883997016268
1.3196498129462768
1.3117510551212346
1.3106828149063967
1.3171973264352663
1.3146112136221257
1.321137303419335
1.3207812709197333
1.3302277598273027
1.3258725919495766
1.3264669318252456
1.3210613220744363
1.3118009376512851
1.3160166071325845
1.3192886188919328
1.3220135347904618
1.3170140376844957
1.3179371259604828
1.324155788057953
1.31209838279801
1.3293629180877171
1.3327682638149505
1.330489649360577
1.3324542624503943
1.3285286086919703
1.3305960317109213
1.32904101314141
1.3299865603722394
1.328496814496202
1.3263952691276186
1.32872621290524
1.3285318009513076
1.3193798045591147
1.3212736736822706
1.3414603421572777
1.3377321892996197
1.3267393368452067
1.3222430776068337
1.3263939113356078
1.3215345446184068
1.3286714145344776
1.3213468863038784
1.3237243705774666
1.3113781778033513
1.3092502641052328
1.3133350348743233
1.3124605518271577
1.311920498426649
1.3096086908967484
1.3145254619835594
1.3152552269187971
1.310978986907893
1.3103926248248312
1.3097287530250004
1.3301454911219277
1.314270898151198
1.3137877026792701
1.3148401405714798
1.3184962349790097
1.3127278518781875
1.3050603407925248
1.324834699182776
1.3164329113642517
1.3121627173438781
1.3245068567981522
1.3195713012573083
1.3280811875147513
1.324047003270507
1.3109688162266218
1.3195047158706381
1.312940454197577
1.3251286116256853
1.3131823979924067
1.3180656167547655
1.3208925359163253
1.3196950238796754
1.3242632610989815
1.3146741587463429
1.3190237596604029
1.3224601244058696
1.3086589824805261
1.3108769991298619
1.3155080736613183
1.3188145311263326
1.3268416299532129
1.32295795238633
1.3137958798748153
1.3149202384576413
1.3181807008765918
1.3209243178901595
1.3231216076688959
1.3214828924622095
1.3218749739214657
1.3267673959837902
1.3082270833962413
1.3259778364152648
1.3220075841894023
1.314681715545072
1.3165758067267992
1.3227590802817513
1.3267412990041296
1.3190134382463001
1.3332245187088358
1.327153475192937
1.3144869856049284
1.3183588007087905
1.3289343687690254
1.327253809499699
1.3336985146436053
1.3148155275251132
1.3150060926253493
1.3331176574482118
1.33377560260104
1.327585012931244
1.3181651581231948
1.3227208115395277
1.3287354405378795
1.3253668337261655
1.3118660385683096
1.3063295562191661
1.3041544364800495
1.3076031008341582
1.3160160425118714
1.3160768048954739
1.310978468584217
1.299258556667509
1.297842340987262
1.3200594159359285
1.314691326588031
1.3164989031280039
1.3243136505978814
1.324020342077535
1.305307428949669
1.3062228700603227
1.3049222068485855
1.3132210383921608
1.323540370329711
1.3266125457164992
1.322616560698125
1.3135780996235638
1.3130311431936277
1.3061858510053237
1.3222767699209006
1.3159656835137519
1.3115250706797024
1.3121452145328913
1.3091260884960179
1.3226318878538195
1.3303589034007712
1.3350944292441023
1.3274279811328535
1.3223776840265467
1.3286903694272663
1.3261565446973527
1.3249526591759067
1.323608377269187
1.3309899580729554
1.3312014233417004
1.3101516304810377
1.3212477726016008
1.3223160124579962
1.3093365443719371
1.3272726815574372
1.3253577225610789
1.324690063199204
1.3189936038189256
1.3259328510295942
1.331886374642488
1.3194620565751942
1.3240200523552852
1.3250107431719895
1.3275858252948034
1.3194660168407157
1.3303393388178266
1.3304325478008494
1.333111834831545
1.331687660301191
1.3276246371032887
1.3341133780912942
1.3265987317194279
1.3237391217361532
1.3273981858922197
1.3229232806364069
1.3222353782992862
1.3222949992284978
1.3270500205964586
1.3170684154874008
1.3200309791551217
1.317839202278245
1.317101072624319
1.3148833201507342
1.3147699687336365
1.3192251872534786
1.3167853552590212
1.330739307956643
1.3329726795804822
1.3419580571234293
1.3128048384609772
1.3160727994016943
1.3200315298977066
1.319211899966798
1.3235875537215736
1.3186120602966434
1.322022203277002
1.3274431879915638
1.3167289382794305
1.3270691424750256
1.3162155234732473
1.3190927691184602
1.314955094864948
1.3273869284851345
1.3247977268252324
1.3222538588616461
1.3276129563066719
1.3012321337436612
1.2974123751565072
1.2963086343817416
1.2981955993175507
1.2996987702420817
1.3046913286773054
1.297848741948144
1.3089016425415958
1.3215601533141699
1.3222637524943155
1.3150496529252924
1.3236700644045603
1.3142237788843
1.3142318927961925
1.3209950972993965
1.3199746372047145
1.3209116356011328
1.3214349786430184
1.3172715008021205
1.314595737772009
1.3195010148154953
1.318191243644486
1.3219719298148211
1.3253118103284431
1.3203021609597643
1.3045931739045238
1.3129379739208038
1.3143665016429422
1.3211592711747715
1.3151139683883304
1.3147530728787078
1.3219602289562937
1.3290058497192518
1.3219452882620022
1.3158256998669353
1.3270177613529972
1.3301701166540179
1.3215632261969805
1.3189717301460782
1.3159187029936947
1.3036077463698457
1.3163142510011543
1.3105004314115891
1.3111249001978154
1.3313821033430047
1.3295140204083167
1.3183526191658212
1.3262608611340267
1.3241316000514463
1.3245477413904878
1.330177381231969
1.3269735904684028
1.3113445724395627
1.3366600786564826
1.323414875416248
1.314512192321572
1.3262488975777706
1.3101290610943404
1.320672786679308
1.3153267691754902
1.3129741823738614
1.3113572462003311
1.304289471981266
1.3127935200807204
1.3138872874507046
1.31731385718257
1.3248864721116334
1.3278496949604248
1.3171273014449654
1.3159453497822984
1.3155101526929598
1.314596907663893
1.3058060785892163
1.318876458905324
1.3177123652563647
1.3156804436781213
1.3153611449258742
1.3171634549454179
1.3171144853448598
1.316607417093024
1.3179659252023315
1.3129580941318402
1.323781083448658
1.3274337366623459
1.316244353453918
1.3224500666357473
1.3154002936990403
1.3151633392005053
1.3127087065268883
1.3200557983373562
1.3281320267874388
1.3212446703573137
1.330510638209894
1.3129602688993942
1.3075634875734947
1.3126282104466953
1.310358826429586
1.3124353403170284
1.31600868903632
1.323780329804837
1.3094672191676413
1.3088318315428984
1.3108720050951674
1.3106051226689694
1.3125754971968708
1.3118238014199752
1.3223987143692133
1.3175222486046516
1.3190915771184049
1.3239330136684335
1.3309989225077892
1.3219099355363086
1.3274450372321447
1.3266820265053225
1.3232951950710952
1.320021094660024
1.3271029548466797
1.3253579867419178
1.323083519175893
1.322930796249163
1.3250915831623555
1.326513141939756
1.3203969095963894
1.3192210451865007
1.3233833460910849
1.3252335419147545
1.325577124025181
1.323470864706215
1.3221437373688731
1.3167883852808004
1.315717310519749
1.3229720485125618
1.3162800629063096
1.3211319365332166
1.3223895867620947
1.3209658634166241
1.319985219094368
1.311311320480402
1.313322149395689
1.3150647656570944
1.326512659187954
1.3182340890751896
1.320871539628682
1.3148034596801887
1.3174661489413333
1.3269045884292539
1.313259114201865
1.3147830468037578
1.3202933484953963
1.3089604451715393
1.310456675681692
1.3064889694491395
1.3183892660366152
1.331116358009914
1.3045446455226937
1.3264929993585342
1.320581705998906
1.3168214977822696
1.32349219047726
1.3256426118460807
1.3175430949147855
1.3260568683277363
1.3185142231336933
1.3184505647682276
1.3196900803565887
1.3183473898358704
1.3300186305974107
1.3237569326150995
1.3280093238695694
1.3290323566055955
1.326109832505555
1.3328993110715348
1.327412143699051
1.30894131984311
1.3078517134998282
1.3185730270847893
1.3248444927607654
1.3253141504052453
1.3125005903796167
1.3242166211997288
1.3194254779883166
1.325688909502777
1.3234430086682825
1.3179050299160142
1.313152345675819
1.3089311395357135
1.3030338212471677
1.3036752913473377
1.3084336865742925
1.3169956608241642
1.3016829360658677
1.3058247958478792
1.3037579733918163
1.3234680918278574
1.3123125561314686
1.3171772532165344
1.3259018944117165
1.3229888100571092
1.3034364499432654
1.3018194763075528
1.3003903516625959
1.299876520771166
1.2929891336199388
1.300009058733227
1.3107684813284952
1.3112636733683851
1.3026430815082473
1.294159098297699
1.3051185222158614
1.3197146232778478
1.3252632566501157
1.3109291111303114
1.3165138824202505
1.3165440694354182
1.3177799716301382
1.3068185390456055
1.3158250293356724
1.3142888826993406
1.323656253675353
1.3184323101861393
1.3072295908266451
1.3163061642994305
1.3161729883001214
1.3209324898986448
1.3086032087165327
1.3245827436220814
1.3192368930918237
1.3165118089162535
1.3177839891493197
1.2985650622033216
1.3037963747321377
1.3020206128301135
1.3104064439796745
1.30616898099587
1.3114877214276563
1.3088524226699367
1.30962937161123
1.3210772590737943
1.3332493003103114
1.3351297936678872
1.3237601686698046
1.3127688432343996
1.3128121246900335
1.3172357201125884
1.313140197743416
1.3305936192007422
1.337874503822826
1.3188848108976692
1.3117391981154425
1.3161929955012426
1.3136435202925296
1.3164114877760489
1.31204186118923
1.3130386764576116
1.337888530814138
1.3197683780266825
1.3141117794738324
1.3344367757331927
1.326609979549658
1.3257401715377957
1.3325191670126781
1.3268532844320182
1.324645757718262
1.3244695865678215
1.3271347863073175
1.3276851867251653
1.3184299686330248
1.3167046693651394
1.3316474212422784
1.329326742538843
1.3271183400509656
1.3187470545980151
1.3193168963825552
1.3232158763271868
1.3298311593844092
1.3275892845591022
1.3263623783998841
1.3102262323696239
1.319322177628331
1.3222515605543563
1.3196219774535793
1.3168440228874492
1.322009817607054
1.3219741728967698
1.3222524214304303
1.3203577515704272
1.3063265534293136
1.3093145936457087
1.3289184783448678
1.318959618204744
1.3129914898218968
1.3190053178374361
1.3160814522328337
1.3055844081442531
1.3168227186961114
1.3175538315712636
1.3227754892063226
1.3231939177649419
1.3239077796868732
1.3178174332586625
1.3177339780123953
1.323047858044943
1.330008044474635
1.318413387986498
1.3177697948127383
1.3178975379982019
1.320827007055569
1.3120012055550636
1.3185822901740476
1.322853026181682
1.3125793732811142
1.3166821762390966
1.319664651343436
1.3198219972380765
1.326708253834406
1.325431335123855
1.3161973649047736
1.3238175383954627
1.322367626888698
1.3250864209463855
1.3155813781550973
1.3172448409140918
1.3237393118749876
1.3294989113419522
1.3215019666791616
1.314820698688439
1.3260627119476804
1.3218520735651011
1.3331489927495452
1.3083621582553113
1.3102534892581723
1.3171634837698867
1.3159500414214902
1.3249580309366935
1.3271196479889011
1.3241523130211463
1.31614285762088
1.3087509606373269
1.3153213110627757
1.3122679397455792
1.307950540849707
1.3219331747208787
1.3071383428002163
1.3112087770902419
1.3225996243276616
1.325647816384177
1.3132608560877026
1.318129905477314
1.309729680549767
1.3200833637816336
1.3178442013041034
1.3162846789610543
1.3266521049853899
1.3134770521084396
1.3154714316420455
1.3127512671624737
1.3311379241718697
1.3240209204159934
1.32935726040161
1.3346209081771467
1.3326406742451768
1.314613272301163
1.3200234306732923
1.3222469695822903
1.3375110037642037
1.3306626232559984
1.3247758168264552
1.3194959598979417
1.326724803262258
1.3287112314517064
1.326005886088678
1.3330814589032591
1.3227975063850952
1.3252984680129465
1.3240194597859043
1.3141875508073553
1.3192137974954403
1.321589511524696
1.3201413613718644
1.3309121416768537
1.3372219059907282
1.3360312627903566
1.337293807026222
1.32346109240812
1.3209002973944757
1.3312169251503396
1.3372516995334027
1.3266615920663316
1.32479283016758
1.318879354464585
1.324044127228107
1.3210113574935616
1.3241044133368678
1.3374203569362864
1.3235162437050687
1.3201495195860213
1.3136246322515075
1.3103142062512347
1.3095921834301516
1.3210131703884216
1.3098552581193432
1.309521480027001
1.3081831741920524
1.3184850345385664
1.3213806951348182
1.323092039772103
1.3167424087567987
1.3187917341708393
1.302488351395699
1.309624032559319
1.3220843255986432
1.3224837722716118
1.3101643816783703
1.316544137517788
1.3166097961376781
1.3154447933078137
1.3207288060876126
1.3171927364499645
1.3246306281900033
1.3229671853793266
1.3284632756232884
1.3256430737490306
1.3393248802120237
1.3388429475864285
1.33218376481221
1.33393915990059
1.3404385791754003
1.3371407128493913
1.3194123506082247
1.335079875971689
1.3129806378367532
1.3163607311115129
1.3227991930868264
1.319583824325747
1.3251892633613271
1.3125109519090108
1.3161371575056369
1.3117741826365432
1.3152905344877632
1.3111837882095014
1.3158628273670219
1.3154499927509966
1.3221909331699353
1.3216015609510159
1.3367692976921544
1.3336356665962092
1.3326560966643373
1.3374917650438947
1.3339154537414328
1.3213403624405669
1.3208955820856814
1.3221729730097656
1.3200959633894367
1.3223784958316107
1.3338764954240334
1.3222060784992469
1.3123475983580153
1.3122274479074398
1.322711047576742
1.329683612105974
1.331371943819784
1.3142681016877789
1.319537638727671
1.3255428131176459
1.3333869951793642
1.3167778488705355
1.319913545161017
1.3105941075889043
1.3223768202871757
1.327283491766754
1.3121770682678664
1.319402838050894
1.3148548709901633
1.3178460933620473
1.3119361827720015
1.3305341448265497
1.3304794383013598
1.3273580744990703
1.3304590371410807
1.3287764109905542
1.3126506978309116
1.3167553218369692
1.3256290183531045
1.327691977904085
1.3202889231444477
1.31516229354175
1.3158741336066266
1.322786375945923
1.3146662769956068
1.3133552634595336
1.325936786272003
1.3189160727130294
1.3255642124910358
1.3064057931204227
1.3245257822199903
1.3176110297140669
1.3126858864010902
1.3087444485995874
1.3068453823385806
1.3198482145759642
1.3276180260514472
1.310828530511437
1.3181159387013635
1.333702167973053
1.3203005558184675
1.3062982522024253
1.322393965778427
1.3156810932420782
1.3227280412207636
1.320214796226012
1.3154091314415057
1.317373568420428
1.3154674543504579
1.3253390323355188
1.3238630075682876
1.3115190863709913
1.3161721796671682
1.3113404585035866
1.3054845346259163
1.3208009583170786
1.3122118975266275
1.308719293863693
1.308219675526996
1.304348326814114
1.3159624248246127
1.3016731826574577
1.3070475886212112
1.2926114249795977
1.3130712886217113
1.3139654875820088
1.2961896371067103
1.304874422311543
1.3165743843116822
1.3110626071690161
1.3038118407567656
1.3093053138032935
1.3069572586516076
1.3101565746826243
1.3165859935722273
1.3156860556554701
1.313136905613955
1.319228560720845
1.3050251100632104
1.3067648829987357
1.3139935596127803
1.301290794154339
1.3081568412753952
1.3282237918201212
1.312049302485957
1.3165688713694652
1.3178836576346642
1.3165405364186566
1.3198718737368103
1.321243052571458
1.3296837246790394
1.3251869718485036
1.3230190477166022
1.3261652795901582
1.3228576970927357
1.323981718651545
1.323557523409878
1.3232281069010636
1.323059769210403
1.3180322864503706
1.3105981093752155
1.3059779013769799
1.3044708097455178
1.3114264868299164
1.3225701002896788
1.3278012941692015
1.2987610088169248
1.3074861083182574
1.3211640289504116
1.3161310079888784
1.305521274019541
1.3083345564121884
1.3225220943552287
1.3153630869083865
1.3058218066135732
1.322920547885372
1.3220376680242323
1.313209463395944
1.3161203496934137
1.3135824635324846
1.318289164109605
1.2974251286188725
1.2960614278698173
1.299158163641928
1.298538174608376
1.3072585502106473
1.3183633390862357
1.3182181380538927
1.3190196486844237
1.2990496067139436
1.3086463530762675
1.2997212127864746
1.3071232088826314
1.3137227619535854
1.3001984543847276
1.2984212247102271
1.297868342303822
1.3165296428473805
1.313669544954305
1.3095407713269998
1.3187114962670698
1.315470028180689
1.3193117903596256
1.3365450599433155
1.3279640435250424
1.3321044447982624
1.3388660743340897
1.3347696771138586
1.3338203958541521
1.3204075318114934
1.3164594107883767
1.3174162857225753
1.318838334606714
1.3125872380342296
1.31906357409525
1.314773687310679
1.3154723580024177
1.3119997497807616
1.3107613131190912
1.3100936010756281
1.322227443849098
1.3238513937578755
1.3089618491919657
1.2985600707077258
1.3002797341541017
1.317108123527181
1.2982415754231351
1.3050786400586665
1.2959400194286905
1.3144006572477076
1.31376090024473
1.3203434551811755
1.3116171833516808
1.320658472580795
1.3063696116060648
1.3117578332888227
1.2995558672175371
1.2997935860879606
1.3034345521457678
1.3068273829061403
1.2979130121152718
1.3110117075572696
1.3059328577511262
1.3022060662491213
1.3041542320264663
1.3019548809300059
1.3047097883208343
1.3127418261007655
1.3157831765822439
1.3126970794903166
1.3165966940891343
1.3033644252549192
1.299520099491532
1.2982614470464138
1.3034241651046798
1.3040965219758849
1.302325419007187
1.300327709023876
1.3087103272338396
1.2999569336106502
1.304702804550512
1.3135142900880772
1.3157400321013495
1.305442510458289
1.301135182007722
1.3155646414939368
1.3107223950738733
1.3036645303470393
1.3009939553653693
1.3050963245936928
1.2999671655002403
1.3093244424879242
1.3117375694533855
1.3111706650836317
1.3203609146275601
1.3177161606671925
1.3187893878616943
1.3174139602914419
1.317517125125782
1.3219799504224468
1.3174184900005153
1.3054793231268866
1.3086040126377494
1.3177128656788126
1.3197615731561712
1.320216786645707
1.3158539645951324
1.3180356325880689
1.3198417560303024
1.3053669503872438
1.3016301749830863
1.3150290391619244
1.3119892212426716
1.3158724935661699
1.3287192295769465
1.3176192899374468
1.3136899099225443
1.3186270637395687
1.31899338421336
1.3172735067582453
1.324966023984819
1.3101349103638915
1.3148082543466446
1.3029665413171394
1.3105909747520192
1.3047261228062583
1.3027989268680116
1.3158599485016245
1.314610347888707
1.3120384095597375
1.3003461351230294
1.30110726598559
1.3035845611835202
1.3120306448968608
1.3242053264157172
1.32710606787553
1.3198830576156035
1.3067311832318478
1.3033120714807205
1.2997425902950854
1.3022318260727441
1.3103743767671692
1.3086666990269409
1.3069106974236249
1.3081561171630716
1.3133395817082913
1.3039040580177539
1.3174103501135637
1.3087611331444489
1.3138688575727575
1.3004698856968482
1.304448544255342
1.3026901766253112
1.3011280498073032
1.2992592567572139
1.299895942701846
1.3102375508706905
1.3022345267049267
1.3048472573462526
1.2964179480145916
1.2989111732863299
1.3201776475575282
1.3000283703905904
1.3070874235790122
1.3052350700700945
1.3168141197831902
1.320962998500271
1.3203521451709836
1.3095988380145915
1.304599165310827
1.3168621435071115
1.3141098065782704
1.3033190673137118
1.3054979636675526
1.3040117204371153
1.3070702856711822
1.3138581981290978
1.3147123968404484
1.3040545731220168
1.308225685588521
1.3129483522282501
1.3129456704949447
1.3170841664957533
1.319390479630802
1.3177221385607178
1.3140745587348468
1.3224113169039653
1.3176297609198813
1.3203327929233895
1.3138110065946411
1.3217494660202826
1.315151678302517
1.3143460920430994
1.3163814620887213
1.3140970516314616
1.3184195283693574
1.3082330391747026
1.3022754578837965
1.2970564493519714
1.295973944128682
1.2945507231767575
1.2934332843394227
1.3072409713882527
1.3144339928811735
1.2993409082349605
1.3055621690040555
1.3112204837891142
1.2900248300597037
1.3152360216803263
1.3061948288898821
1.306961655174359
1.3131850957404807
1.30195129951256
1.3154983644288585
1.3092615657838844
1.3117064474198659
1.304683633177569
1.3031026037223645
1.3099352548392438
1.3021890325798788
1.3140038162580012
1.3132518492950938
1.3140196203627295
1.310237946320971
1.3136738721774912
1.3083376754581972
1.3125746201659014
1.315200515160544
1.3211820861457861
1.324483070915816
1.3051069624294434
1.3070874218735102
1.3153977766619258
1.3240980360654295
1.319451806584694
1.3287204759024367
1.3262466240080222
1.314231610829794
1.3078822686916045
1.3213580968293361
1.3049497227374633
1.3038332383708904
1.3170346082331914
1.3277434232491423
1.312604050300773
1.307432323506538
1.3165369476252438
1.311199454611232
1.3234801035704937
1.3254419295945246
1.322181134939623
1.3116205242876489
1.3084345741427381
1.317303849436927
1.2991178923521554
1.3016345107811131
1.296719013153353
1.2992503370501536
1.301816158986848
1.3118124772493678
1.293455519877491
1.3022558524488332
1.2968440202005234
1.3127643279158379
1.302640837270634
1.3073114597633775
1.3079758646581612
1.322995168030769
1.3217863285287028
1.3308869937910386
1.326378790197248
1.3270733047658878
1.3360273256203092
1.3226979370441354
1.31545745577935
1.3272100496069155
1.3229498528163828
1.335516364897
1.333975408234922
1.3228406208703118
1.321407643227126
1.3381048424789117
1.335608344928176
1.317432618838559
1.3251099469055767
1.3329850165868427
1.322395660302673
1.3262277258370472
1.323620746775139
1.3254491692638473
1.3064536577434798
1.3055697172546985
1.2980483617853125
1.3001705966362551
1.299061531803802
1.305764741991319
1.302061172690699
1.318876559215347
1.318607025010247
1.2984592733621152
1.2969357971306312
1.3115313428395328
1.3071524541132975
1.309622391318079
1.3178209486276178
1.306779613252845
1.3054189981148545
1.2932417819730104
1.3003167724677085
1.3030279187184557
1.3010260812333465
1.302050177264687
1.3011688744526078
1.3036030185157592
1.3023891162596073
1.3099614612188897
1.3065229759676396
1.320736221697793
1.3189594341646438
1.305066424720917
1.3071848785261402
1.3169112125186542
1.3217263988769243
1.3097924711062858
1.3056180631786685
1.3183738050666272
1.3258582086435051
1.306555999314484
1.3117748380856789
1.307986023502179
1.3083237702106174
1.3195564607993993
1.3235340100470518
1.3212072039739786
1.310306756709975
1.326842853954316
1.3228515035406099
1.3240111041204305
1.3248020493642982
1.3247331627363172
1.3260309355991085
1.3242585749559248
1.3227372433605
1.3176475037840398
1.314601501549039
1.304658459063749
1.302327185703482
1.3111418547824985
1.3165877804227504
1.3184504305790026
1.3188722692316164
1.3002805379497404
1.329577439522595
1.32223685492857
1.3283098220420606
1.3256123834987734
1.325284207352482
1.3293367416441093
1.3223616711178106
1.3263441280215453
1.3227246055877
1.3256292811981216
1.3170682875211752
1.3241496802777486
1.317377671376781
1.335994781946028
1.3204416549066822
1.3287535757255975
1.3276159026096341
1.3232481531718165
1.3113307295069878
1.3114878378073278
1.3176799024793096
1.309715498913311
1.324911109201527
1.318492934850395
1.3128213133962527
1.3152948479262514
1.3177923034977115
1.3138780172107616
1.3144926598251834
1.3110749006934457
1.3190696447234087
1.3199162453166287
1.311625488901671
1.3189115843581016
1.323679166377656
1.3206617972285652
1.3063181927609286
1.2994080703121886
1.3020525002196628
1.310163012030253
1.3034331200765636
1.328751853233656
1.2944315296784592
1.3100967493065319
1.3130020112178575
1.3136157558963921
1.3036969279075465
1.3037115485797006
1.3190863805204087
1.3109583138570844
1.3011082507810272
1.3146835854815917
1.3123108951928717
1.3043417033601707
1.3084780629190798
1.2974239745833094
1.297900828722073
1.3139466145748595
1.3121756928334225
1.309377172020173
1.312573225611913
1.3032022865826216
1.3164606767543208
1.3121215682946685
1.3112924327236914
1.3023947914577803
1.31849853779559
1.3241575413179312
1.3083085938062284
1.3165896219944415
1.3223164964372391
1.3171974123794061
1.3045284139229538
1.3058670068885252
1.3092219688882696
1.3060030563849776
1.3095969206417593
1.2990209694400507
1.302075084572085
1.3074108109292348
1.318633329486732
1.3317252184160397
1.3055948838381821
1.3120019473526787
1.3018145162135735
1.318087192600746
1.319601554669458
1.3218775065608959
1.3230140463543762
1.318636592126963
1.3191580302525743
1.322201147178827
1.3181673392264166
1.3360170877927227
1.324280651943389
1.3303500531458192
1.3301308611412366
1.3265475903290567
1.3253859126801006
1.3235436933829143
1.3212999227882474
1.318556320719052
1.319893760366383
1.3307214937986418
1.3256748564290763
1.3265457792681372
1.3222752582177761
1.3214996643357029
1.30048755663038
1.3030096019492512
1.312741338812432
1.3019551374803404
1.3029213115109282
1.3006336222148862
1.3015431784986324
1.3076307346927891
1.3096459571665848
1.306975663583848
1.3079986987468089
1.3059615383182548
1.3169065318467095
1.3038726170224884
1.3110303120055293
1.3052742260216588
1.32001426073505
1.3109326851946936
1.3203127090959033
1.320245308260717
1.3196078376292766
1.3011381134070272
1.3028962065112377
1.3165439064799211
1.3213204008164985
1.3240562752233498
1.3257125260231282
1.3184010916827613
1.3092263619506508
1.3223739544505215
1.3179427768524679
1.319840038973909
1.3267268272761563
1.3250226004344783
1.326922051933057
1.3300773628432103
1.3329487406543796
1.317871032762789
1.3177961232772895
1.3231093932211326
1.3151003026000565
1.322993939419164
1.322308674263234
1.3227463120565486
1.3211552966918898
1.3315814265534218
1.3331391112340796
1.3218291301505403
1.3196566148756894
1.3186360943925828
1.319306199575056
1.3166805830175063
1.3209923507090562
1.329793289724996
1.3267076194186216
1.3220323099769735
1.326199544445885
1.332136558441941
1.3303045436325078
1.3349650672025728
1.3304498852138753
1.3183822266029845
1.3148969606101717
1.3304565477014139
1.324303101921402
1.3370513883608026
1.3230056019267122
1.3097467042798872
1.31163688594243
1.32693605611579
1.3215667935176914
1.3108542102204153
1.3194442547136425
1.3111742697329176
1.3089800296378635
1.313453857024705
1.3080390112275777
1.3079848409885035
1.321607180191932
1.3107907877571305
1.3064389694394452
1.3007041088391602
1.3214531744754348
1.312146632622098
1.3105847442045657
1.307861106006428
1.3030222307384982
1.3112486409907385
1.317969259459675
1.3049579402047538
1.308138903226871
1.2967052177438223
1.2959512916615445
1.3102743428439914
1.309118696103076
1.3030775569517998
1.3040517868797197
1.304462035975423
1.312265574191625
1.32034159034409
1.3260914724429789
1.3298897471419289
1.3311885601842142
1.314601417757201
1.3169943994842335
1.3097012987482084
1.3093771070161946
1.3096241745089163
1.3144556319411371
1.3099936401353567
1.318320363589958
1.3209535324035928
1.3085708653449688
1.3229569210385304
1.3276966531315002
1.3258458610243802
1.3053603615119855
1.3284418424718838
1.325626615945152
1.310668257140509
1.3106045746159536
1.3213929034567702
1.3157244274339936
1.326749244648621
1.309243199761188
1.3112608266977606
1.3154674078821178
1.3090627007472178
1.3034953395230158
1.3207580957553662
1.3084756376658762
1.3082668759276963
1.3026338241033222
1.3103977803799787
1.3070190597951823
1.3050482704070683
1.3131134605651726
1.3070104711065695
1.3126270376777196
1.307606581266924
1.3099598480476695
1.3122804692766077
1.3021087855004585
1.3086898848398107
1.3045569067321707
1.3202367090338185
1.3139425159802338
1.310470254424957
1.3039533590052408
1.313517651388174
1.3204910528462748
1.3183228019352307
1.3098149461758744
1.3118467738025519
1.3129964437515746
1.3059201596022052
1.3075972666482045
1.3125631659439336
1.316402099767679
1.2985187286996382
1.3164495746875824
1.3029090469563118
1.3082321977818814
1.3189064979726628
1.3165790625998188
1.3129308473743617
1.3152256327584182
1.3173520544438648
1.31626423721357
1.3191013432881082
1.317855901302469
1.3225107531577327
1.3146135239789307
1.3111472332004186
1.3106208467756135
1.3115965221529131
1.3154176439370597
1.320647934376776
1.3195581054403416
1.319018039263153
1.3151843618743608
1.3160091454785536
1.3279359820069476
1.3104578520976604
1.3076732314201673
1.3022641292424864
1.306784941444951
1.3092019011237006
1.320297293305155
1.308033625324682
1.3088544040303545
1.328298707997028
1.3245781925923659
1.3247786549282357
1.3085096519635384
1.3251165947096388
1.3186329515053483
1.3204776315113966
1.3175004868947693
1.3114889881759804
1.3162054510902224
1.3173927960123082
1.323769266200762
1.32464828473008
1.3173304175916825
1.3230480867923502
1.311516864424528
1.3199341698159137
1.3209215180766454
1.315943132630624
1.3160263187707901
1.3160945046990804
1.3168786516291338
1.3340137914001478
1.3314491225278484
1.3229259413633874
1.3236799737776601
1.3204795062610208
1.3173789084718295
1.3122301897770263
1.320593100322202
1.3190966000888233
1.320182067447018
1.3193108835091514
1.3216590847857204
1.3200226551086898
1.3152751658435302
1.3181392855358272
1.3235896108171101
1.3173721201292103
1.3135634836620762
1.3141294789811098
1.329076124413526
1.3250317040609094
1.3207750857584455
1.3231484871611054
1.327548340527808
1.3108248063654582
1.3153676204155447
1.3108471558773953
1.3115756609138904
1.3224413006091114
1.3192527364856306
1.3094911167323493
1.3103715254903658
1.3106243027313884
1.3123603176707268
1.3254464785160283
1.3204851312557377
1.3243289423617801
1.3178980626518229
1.3059942263037996
1.3113677105546147
1.3101348660320407
1.3042280831368713
1.316232478198246
1.3195778527883693
1.309730617241144
1.3125514126700928
1.310497013648853
1.316506596125495
1.3121632761707351
1.316306524413903
1.3184479535364464
1.311311220007387
1.3136077087843687
1.3196512386777988
1.3253555917685267
1.3103031713706597
1.311378401238309
1.3049640504049234
1.3059915591577353
1.2976379204743593
1.3014066449030857
1.2974506734001476
1.293921176604186
1.3010337859474252
1.302131972309315
1.296937605633078
1.3050426986089145
1.3097185292578903
1.3038906466865243
1.3111602848042632
1.301299553081821
1.30123334358908
1.310400673081707
1.3118213085890564
1.3021672399410809
1.306485224822924
1.3045487794539392
1.3177388421187537
1.3041659087111594
1.3036435820054126
1.316723093495857
1.3267015542383205
1.3236945235550108
1.3183817780342995
1.3180032925252902
1.3234856900985352
1.3175892286546989
1.3251206390365646
1.3198291928054937
1.3175156921923796
1.3160707665222646
1.3147979013418638
1.312710549294005
1.3128712661559174
1.3214626832285663
1.3236419321975212
1.323798080124113
1.3180354248660449
1.3148832866576554
1.3125924262999242
1.3259401388765488
1.311186740220992
1.3111675118347774
1.3089144975617386
1.3271213058789033
1.3195935276579174
1.3211830957884052
1.3218501320937341
1.3231328073819704
1.3170182980080294
1.3204787829123625
1.3225396591541256
1.322635770765036
1.3141283221511948
1.312741215278394
1.3207567153765318
1.3221405149899286
1.3263803320566248
1.316778298044319
1.3187857457541783
1.3104868463922559
1.308123619662838
1.3112339750348248
1.318161357018016
1.3048868112348935
1.3039407553801876
1.3174394452993687
1.3169442307781043
1.3212611363195044
1.3168720912881777
1.3193510527113665
1.316681061486949
1.3238927931119233
1.3269347587326479
1.3291674323526494
1.3192921504952673
1.3182625494978053
1.3172028212313918
1.310548400947069
1.3187382371739464
1.315429057900951
1.3133510764268361
1.322204137035947
1.3219259779114345
1.3123062336071034
1.3291524102279637
1.3201906338133609
1.3179169301736433
1.3180162081691131
1.3133160678711977
1.3142191484813683
1.323518861909324
1.309859043655166
1.3163822272736092
1.3201662229246112
1.3257955379910933
1.3131595519512003
1.316536944614586
1.3186277183493884
1.3193506975647373
1.311386504282823
1.3122036659846699
1.3135271761779224
1.3212703603892078
1.315563340615529
1.3158430627110125
1.3211661483039332
1.316138805838698
1.3101382497171854
1.3173743447542816
1.311572551700372
1.311473919514501
1.3229555497090273
1.3131242370258875
1.3047277469367464
1.3077083903708158
1.3093734867293652
1.3102117042878836
1.3192123618217435
1.3147643982698651
1.3171964643005647
1.3145907651421334
1.3162036366601146
1.307160274420392
1.3185404524149649
1.3162773444427192
1.306872567899773
1.3179804956605554
1.3071332542484553
1.3068296627374834
1.3092102650066693
1.3173593506233465
1.321171518884659
1.3212672401570102
1.3182910417020435
1.3208199356299313
1.3168132337765581
1.3149017371458886
1.3282975644311141
1.3178375584695687
1.3162007435604282
1.3138493367070356
1.315983012523901
1.3125003294193098
1.3172191571906953
1.3208981567382116
1.3158521700664356
1.3175270892039463
1.3136728175606003
1.3262397337917746
1.3234647189123636
1.3245688318002142
1.3229521911058968
1.3215626747792049
1.322739577076229
1.319662809611273
1.3231803914716274
1.3277153104818245
1.3222666891285224
1.3247720350737386
1.3189073655942074
1.3272751473856175
1.327065385238655
1.3183057727144352
1.3202244509716798
1.32927226162956
1.3357594098983117
1.3294104314557522
1.3194784244811866
1.327400534126067
1.3199415297221393
1.3207698042949003
1.3282835061543654
1.3219344804668445
1.3208957645691943
1.323489279273065
1.3243675081888542
1.3226352819416556
1.3108364583387868
1.318029114079354
1.3142348024485306
1.3153208925763258
1.315292554980515
1.3195318398333122
1.3245704172994848
1.3183596088974405
1.3196423429997406
1.3104546485271444
1.3145573762679752
1.3170660574519963
1.3138554019578692
1.3149252440839945
1.3236772716361953
1.3241436013696701
1.3211469909282427
1.3194766029228586
1.31836826860435
1.3212394117448545
1.319856391283406
1.3252688196273559
1.3169751148657316
1.3133126238086439
1.3161317560366828
1.321357466511404
1.3152661104370151
1.3187139658920797
1.324831494790343
1.318118937614067
1.3227066108166878
1.3266134875958777
1.3248988389749037
1.3197937797015367
1.3204793040574168
1.324205261744882
1.3216911003383107
1.3161056439292127
1.3360988190852259
1.3215934447313051
1.3161882173255213
1.3199216520177288
1.33126553293472
1.3120768272539778
1.3305166270444233
1.3373337135589416
1.3216706097626207
1.3185774323138566
1.3176484590954907
1.3283406251842722
1.3301803244822097
1.3322654966136127
1.3319054872369809
1.3343094495143397
1.3396627514454427
1.3219645743601902
1.33120733521609
1.3136848742174805
1.3176876732786293
1.3187557492040087
1.3217609209692676
1.316315985543446
1.3264656488963096
1.3267513501203287
1.3304281473470299
1.3350261948534667
1.3239991863316563
1.317533288030582
1.3230474945402133
1.3335308197366498
1.3282078023965092
1.3353489866302708
1.318680515635029
1.3316647805830106
1.3259939855146665
1.3316685707790374
1.329355010893108
1.328059583772891
1.33278770532819
1.3282042066223483
1.324091450521747
1.3265369874109758
1.3292794562190169
1.3245714731838203
1.3263713977146574
1.3288308669837277
1.335001816449638
1.3236456283812301
1.3240697621028172
1.3318860085411321
1.331238519796618
1.3271923905791434
1.3244610773972885
1.3277226379399543
1.3281896944408051
1.3220560181831538
1.3254152862855626
1.3326885842105867
1.3242019404706857
1.3357870030043937
1.3240634790023216
1.3210443463927064
1.3172997290356652
1.323620052090467
1.3330280373834518
1.3247065908905884
1.3309201395220225
1.321925068285213
1.3163717144991063
1.3289112633700355
1.3357667660191146
1.3355947718089403
1.3315861132928202
1.3152779008089122
1.3287083091898504
1.333131993670531
1.3137065705882913
1.3306683281574458
1.3161498609359514
1.3162260213234047
1.3245277708028882
1.327186352086922
1.3228729549016842
1.3344008060027248
1.3253077433478064
1.3295223633118791
1.3202747155569126
1.3223543624113123
1.3315906410910425
1.3288817572803011
1.3328742959478437
1.329747183429449
1.3302499506933103
1.3063778349113164
1.3374047167786758
1.3372659672663192
1.3340602903812637
1.3354092811485065
1.3387160313493258
1.3360487201908378
1.3413584774148837
1.3443316521752418
1.3423241183299888
1.3376597089321858
1.319803104050823
1.3211728737393338
1.3312025806052301
1.3382200049006594
1.3405352996648703
1.3424319997231604
1.338176267170459
1.3374811569484801
1.3308322267147858
1.3347007031617713
1.3346090449339183
1.3337381583791112
1.3361539525695814
1.33139253192494
1.331211070648829
1.3210122437347607
1.3302840073421298
1.3218734315854177
1.3229403466376397
1.320026808995888
1.3178631572926365
1.3203223582095769
1.3304511066660512
1.328024724712787
1.3251512655429172
1.3358068682967374
1.325709270784197
1.336210192700289
1.3414329500373599
1.3253687440661606
1.3270899298232468
1.3233600887756136
1.3157783279881565
1.3152539665675667
1.324765584267852
1.3218109129422466
1.3190869259509257
1.3169271342565783
1.3249394070684921
1.3282153046713845
1.3258516149893598
1.329841147442394
1.3325362311804725
1.3236334827398533
1.3319032058964004
1.3336845695578026
1.3311940610164574
1.3346414610476411
1.3286533155433216
1.3300973907706157
1.3308291419638494
1.33040690920116
1.335242004402673
1.320674722287742
1.318272026902716
1.326599961338438
1.319414330912775
1.3301322769510415
1.322064167094459
1.3242799992544017
1.3239774150345018
1.3260282303554647
1.3161003777647973
1.3304209650948746
1.33169754674728
1.3357694975398966
1.3329954568316478
1.3396121836149735
1.3316971502734756
1.3258153691120735
1.323846269619925
1.3194911066384214
1.3172772587626647
1.315048990554192
1.317912660621843
1.3173190780273552
1.325127368423194
1.3212335469296013
1.3241313405875743
1.3249421990843997
1.3284904565999038
1.3264623127923398
1.3242582709068973
1.3319388879723395
1.3296021564538305
1.3328380133573339
1.329687243857812
1.331939849094715
1.313921194025619
1.3169724070982904
1.312981068817267
1.3251941352820682
1.3304309147054045
1.3348312414029597
1.3344692294052762
1.323228963786509
1.3258286666538945
1.3188618474239249
1.3244826266648535
1.3286939703552616
1.3229461212525793
1.3194412592694
1.320134310036266
1.323194070451506
1.325348638323837
1.3292729668787147
1.3173187979014462
1.3214245441163057
1.3354726732768585
1.325247162207998
1.3271362826717745
1.3183101325626747
1.3290443798794362
1.3293531533015548
1.3272478613930478
1.3363220404360037
1.3255974714070293
1.3211242890680517
1.3230487208008257
1.3282841430113077
1.3249037409907614
1.3238679909716777
1.3252519737398007
1.3212216414040956
1.3250208088553397
1.3228540880278525
1.334229547924631
1.3295527089062924
1.3335576419014719
1.332650003582994
1.3333260454584337
1.334077475362973
1.3251272320308607
1.3271801596350257
1.3214396833538273
1.3257697289344494
1.3154475465959492
1.3175145469015115
1.3179718648498713
1.3180613128030811
1.3201473886623423
1.3242015035067933
1.3259874157332812
1.3267619299880282
1.3287879969052045
1.3259350559457208
1.319285576586429
1.326457018241922
1.3237824468813681
1.3183081671045496
1.3170846884320737
1.3281286887561234
1.3115755217316938
1.321110106893545
1.333082099703723
1.3226440338038623
1.3387268988405443
1.3254151558208591
1.3295977251313194
1.3271517282517893
1.3256326273814367
1.3195005117160605
1.324843477677085
1.3232057096131287
1.3286067873342724
1.3372408129288347
1.336564512276235
1.3350858536655916
1.329319755818509
1.3356778947451458
1.3280711250412327
1.3228987418670495
1.3317373570489854
1.3315244892843585
1.3231753377103952
1.3363161970040702
1.317170856070268
1.3290450766980768
1.3268158190690875
1.3268411454857814
1.3197918551797767
1.3306993119280444
1.323132838467819
1.3291159755724742
1.3216610758989888
1.3103577883014117
1.3120401523688565
1.3343884249910076
1.3106398096810223
1.317285104922611
1.3180315687434312
1.3365416110854529
1.3325363809223096
1.3235416035762404
1.3165125783169174
1.3216483866702613
1.3241071101425437
1.331015202976108
1.3213784743976649
1.317849375816612
1.3245702310133918
1.3183716548135045
1.322719562285777
1.320226082172946
1.3321342032777472
1.3184218846597986
1.327771055758144
1.331303480026704
1.3335278866581144
1.3338442222413738
1.3236481273750036
1.322606276306239
1.3207867297019455
1.327033666875815
1.3185066637241274
1.31017773489708
1.320075248116972
1.3199810037859567
1.3227439964704817
1.3253631273660178
1.323608527954058
1.3215151560948115
1.324365465585104
1.3229763189812767
1.3257549593025615
1.3203283788376248
1.3264228227744004
1.3216005186233135
1.3251279512313976
1.317566205469666
1.3258555903424103
1.3358498803835372
1.3266624908179971
1.328170263237538
1.335201998270388
1.3357315999851658
1.3347303171598108
1.3342912640827689
1.3325352831709234
1.3316482734622317
1.3334358841615637
1.3148445035341756
1.315848324253482
1.32999597650096
1.327858861232376
1.3278192382765797
1.3218180316140082
1.3096269547874786
1.3223289098174844
1.312180156525212
1.333223578647663
1.331141746434791
1.325352944264887
1.317510926670379
1.316587957868678
1.338718046136572
1.3429009772274136
1.3361527353255793
1.3367424612066117
1.3399451766602661
1.3392628712877948
1.3247737195809062
1.330949949984144
1.3370454187585725
1.3192330583645575
1.3207351994399614
1.329822523704184
1.3333507727635083
1.3262255284982531
1.3320595130884127
1.3367069483350278
1.3384597256865784
1.3360887502710659
1.3249713225003843
1.3213844575128249
1.3298023386620896
1.3210127113754682
1.3276212941321128
1.3189628579688046
1.3346800589894028
1.333718946180625
1.3345016709995043
1.334098663755936
1.3286761216501708
1.3349053980715684
1.3335235917674169
1.3236690363361971
1.3347938877758128
1.3278751056982183
1.332000696735063
1.3405727230652817
1.3289148847538421
1.3298899659016854
1.334754576865141
1.3230076605526235
1.3408698768620306
1.330801642121149
1.3271387868514406
1.3296611256878568
1.3333356334212956
1.3339614835040388
1.3344106119167776
1.3289384513300497
1.328144802640067
1.339621930916023
1.326462860638774
1.338634592293158
1.3343103027859449
1.3313914509283795
1.3396002462452208
1.3363586902381972
1.3347222883958039
1.340459910039395
1.3392063439493174
1.3242864747258973
1.322825121442148
1.3346752000776951
1.3352935465116074
1.33492533598442
1.325209785368884
1.329284974509509
1.3288353385586065
1.3302983029926327
1.3306667803455
1.3290544199534235
1.3201031480422167
1.3263102665054685
1.3356443731820786
1.3448882871145857
1.3353687077666017
1.341524517223288
1.3295233588361333
1.3285906363369953
1.3226088671866194
1.323649398884263
1.3350492847792101
1.3230085711978106
1.3152862575960558
1.3267579681086132
1.3203999948035847
1.3293598075353767
1.3327579978007065
1.3313876958180493
1.3357981023163472
1.3349200997681463
1.3348850312780218
1.3137812509528062
1.3241944804009724
1.325893757750608
1.3246150310784472
1.3175410660933946
1.3265761254161008
1.3177713406132567
1.3216469657545689
1.3290743350814562
1.3170704892281977
1.3211797066350743
1.3237647515899225
1.3199456338761837
1.3205407131697415
1.3226473204301064
1.3224910322623042
1.3198929232645258
1.3143829675936791
1.3175859936879348
1.3239270643783514
1.3196019806747186
1.3266661423829549
1.315654311928702
1.3198097769828856
1.3146575100585867
1.3125205087037743
1.326768843072401
1.3243579429881578
1.3229358572737921
1.3277771875907902
1.3292766166320602
1.325281165180856
1.317276338763425
1.329204675792909
1.3303848941839556
1.3208166362718299
1.3318978164066861
1.323083481878242
1.3205387397537567
1.3260891785631597
1.3226014018536738
1.337024054285268
1.334001415569154
1.3304386407486806
1.3255371931171407
1.3311132616491017
1.324872159045217
1.3286732103945065
1.3176440861382726
1.3154517180448553
1.3186090628423046
1.319763664510757
1.3127611408484015
1.3181520214283349
1.331037263241764
1.3175246612083733
1.3199939094554485
1.3188637066975708
1.3128436450611707
1.3139388711892153
1.3177551491495805
1.3273532839021664
1.3338728004029805
1.3346369322532146
1.3299569305247372
1.3263470707232983
1.3322516569050304
1.3289454756315846
1.3214959097338332
1.3323433600827106
1.3298978439173952
1.3221427592659136
1.3270425506611143
1.3217731245379736
1.3279912492258958
1.3159869765324472
1.3180713741864503
1.3105639327660392
1.317803011727746
1.3277430126178515
1.3214409573547636
1.3068598719713902
1.3187209479853643
1.3348067039171672
1.324979958187143
1.3271560812847711
1.3305253335277396
1.328141576105029
1.3296730929426508
1.327474762532018
1.3277325275525154
1.3282666406243904
1.322943651509096
1.3287632110825942
1.3306664468733131
1.3291409556921905
1.3174427853628867
1.3206173409006199
1.3338101612694127
1.3165901721459505
1.3282131398413901
1.3309078472583213
1.323742471791658
1.3233326032521746
1.3254344073591913
1.318733549837202
1.3300160932037528
1.331941300152101
1.3152120473581195
1.3265150705501267
1.328005592053988
1.3239325871260534
1.3233239012043188
1.3247622411018896
1.3171767056369057
1.318664419674213
1.324075771326266
1.3185569687481404
1.318356140413509
1.3184968552638021
1.3191554375059453
1.3257539595205954
1.3241748473906554
1.3205619195764817
1.322734959179199
1.3177641802954188
1.3246481511782247
1.3208254871657266
1.3233548588720636
1.3263277457400244
1.3226820759168245
1.3238690511143398
1.305528210592446
1.3169962512272824
1.3206774470015465
1.3284782343199706
1.3202348284843
1.3183250831239568
1.3225721095565572
1.321279859960003
1.3197925203581515
1.3187126296930431
1.3208610163577512
1.3259321000765065
1.327533559215657
1.3298180269987658
1.3277194382900612
1.3244390925567615
1.3270016110159173
1.3254829121316773
1.3299816620690637
1.3329986209914586
1.330696727562051
1.326218079169359
1.314350925356195
1.3034285218917532
1.3064750753591299
1.3217952922249858
1.3205219386711775
1.3278643592899866
1.3269702129793153
1.3272167579291907
1.3248091373524624
1.3181319484622138
1.320531055120816
1.3341821765174948
1.3189555742966448
1.3277087750346581
1.317079491986898
1.3069106605080416
1.3202710970162024
1.3192872619505525
1.3269780700096212
1.3219753957488474
1.3299500118476613
1.332684929328522
1.3251975435649552
1.3211678461104615
1.3305086829080786
1.3247541210588494
1.330844947956755
1.3349632518392414
1.325128213977796
1.3213574973333622
1.3154586069606913
1.3282680125381718
1.3277238324212035
1.3236768813053401
1.328722025269152
1.327859194612985
1.3224599669207036
1.3298201493466888
1.3135155084275083
1.3217030998783994
1.3281514568566504
1.3140364328464698
1.3096550688877084
1.3179122155846168
1.3240013755848559
1.3267206550325406
1.327119930927008
1.3132456420183236
1.3213532520422486
1.3205862134843316
1.3190966206362864
1.314728374334279
1.320943154629284
1.3186850439678734
1.3175298648818474
1.326819970346255
1.326579523071433
1.3185997145906752
1.322030498827588
1.3204942465437912
1.3151173032404577
1.315719742891874
1.3230434268299662
1.3244434396042042
1.3192928940142579
1.3312016276655767
1.3356698758858794
1.3299840770960276
1.316930017734888
1.3144675905913932
1.316461689076876
1.325771047735053
1.3132792919622418
1.312144597101451
1.3182618783801134
1.3172293951260843
1.3234878934872503
1.321903913455745
1.3275437726702533
1.3226026951806271
1.3162873381180533
1.3179502941273555
1.3225415111125505
1.3228021082821413
1.3208412885976526
1.327252700915595
1.319002803866015
1.32075911807893
1.3166863184290754
1.3262072980341952
1.3187297078427673
1.3210706386218334
1.3300554222026884
1.3266741255836214
1.3265444536446709
1.3299287102347768
1.3369755275463207
1.337531053288701
1.3256159744920621
1.3261667900358904
1.3200100832979567
1.3225527715062029
1.3182376470800954
1.323508369486864
1.3170660174940434
1.331220514109968
1.3249623761775353
1.3271080921078637
1.3235477493432812
1.3236340630391015
1.324375689390025
1.31354678235283
1.323247864727768
1.3188041928729732
1.3210459091451856
1.311180308779364
1.330303485008846
1.3311765636795845
1.3334698202860586
1.3230807566379652
1.33229398437612
1.3301572080323192
1.3121585239729838
1.3233207124940753
1.33080643236655
1.3264849285054492
1.3299503973733329
1.3318741822017859
1.3310605673399991
1.3291305680634913
1.3309411471838897
1.3323725568104967
1.3304330355171452
1.3293767191506665
1.3262469856835317
1.327163849321157
1.3228682778233993
1.32455723956851
1.326360434219726
1.3307015937581699
1.323571381369193
1.3262256685830138
1.317177738157766
1.3171139224773525
1.3296517722663737
1.329233577751849
1.3278137646399122
1.3252367476747935
1.3209483605727448
1.3178644100542054
1.328078991938275
1.320380715261461
1.3292125087059663
1.3187546202064222
1.3268735267370122
1.325124154993931
1.3250017204360802
1.3187895554930549
1.322917435009869
1.3236967500002945
1.3239395069508877
1.3255089072675295
1.31925013513965
1.3254542246350587
1.3239579970026756
1.3169456877173435
1.3231036507237468
1.3296480638635257
1.3163557960779115
1.3278020001129207
1.326015133066547
1.3265541501553895
1.3302026112037428
1.321700531105821
1.3241783188056686
1.3228251001268752
1.3279815768481282
1.3270839667107432
1.3174159689178961
1.3199912382843748
1.3222876487935273
1.3313800544117973
1.3187295050422123
1.3255213744711964
1.327552177995256
1.3241233055259485
1.3289020306436576
1.32608492756004
1.3266661348373143
1.325610479098519
1.3314037046338896
1.3311896188543018
1.324282610352994
1.324797296091213
1.3355506913862365
1.3330004032077742
1.3352758477280593
1.3302354708403727
1.3268133765566923
1.3232785110143663
1.3176736114197762
1.3172923376438321
1.3214702034694734
1.3122030275542493
1.3285016433931809
1.3145255437382406
1.319618699145104
1.3077491434625241
1.3120718657734658
1.3214183351387838
1.3077952837095403
1.3181576000206014
1.3164368951506926
1.3163867216875627
1.3226351835875834
1.3226393627749873
1.31999810339828
1.330369198740171
1.316929281506242
1.3348323834015536
1.3370216593291118
1.3287366466465196
1.324682194515334
1.3343326409461824
1.3240733799118123
1.3303808175890546
1.3237199728444349
1.325065806860214
1.330918123786746
1.3330474320985541
1.3259679341158148
1.3370111756995369
1.3298541577244494
1.3325586279282835
1.3330362231722026
1.3313948919761278
1.3296255921097562
1.3291136716449317
1.3249853058776146
1.3337156993661685
1.3293104921988308
1.3373468878190249
1.3259518426424666
1.322733076693787
1.3141389735857805
1.3277301258252203
1.3321889017705761
1.3116961363642408
1.3232449785776326
1.32378683312106
1.3224763186354482
1.3276041805856031
1.3306377187427942
1.320811501674567
1.330609096112045
1.3279387987053963
1.330991640493317
1.3275936868080511
1.3246515945266395
1.3206833909686453
1.3260681444800875
1.3250979244725067
1.3228532483355109
1.3269552747153772
1.3148522734781625
1.3184653807860467
1.3176707336998832
1.328828177987725
1.3261329132244721
1.3240722378104415
1.32450297086849
1.3212048311166336
1.3183459532210016
1.3186093970132307
1.320025407247011
1.320385378452081
1.3319425613344231
1.3288550712741074
1.3190930908512577
1.314227282510342
1.3144119666125285
1.3281424739302206
1.3213063172191353
1.3250544824332429
1.3230881190121515
1.3280480317501129
1.332891914760007
1.334902540683929
1.3288308973454732
1.3317802517930912
1.3261018686782353
1.3254396409137714
1.3220664889828853
1.325598919273852
1.3222372328123275
1.3224083447156085
1.3303440262863102
1.3399637619586213
1.3217282224055869
1.3307203105190537
1.325089694180379
1.3322006679899858
1.3295890623909932
1.3294786696669705
1.3280276281855423
1.3328192820799443
1.3237933048362165
1.3231078525893227
1.3250515262023075
1.3242802993204552
1.3280215594339282
1.3221082173889294
1.3251742659642674
1.3228533087946877
1.3209089609220726
1.319320786984201
1.3146368714440655
1.3190175843510048
1.3238919829739928
1.324681870466547
1.3203181272908049
1.3188472007069285
1.316313426895533
1.3178331924291258
1.3227213191411593
1.3211900751932553
1.3318254151109976
1.333675132056076
1.3320826537919042
1.3280952488462257
1.3233550467553195
1.3265575529893412
1.3266819741638856
1.3295732663112838
1.3185443464500366
1.3253774573628503
1.3293669845222458
1.319266184275558
1.3242221430786643
1.3266151835505842
1.3275368829121053
1.3260130550862774
1.3206161069864557
1.3349881684648506
1.3182462530812253
1.3203167387638324
1.3212535652657023
1.329137853008289
1.334614870431027
1.320552938600176
1.3252110852166636
1.330447411257623
1.3327580792902514
1.3244158927698897
1.3163807642688508
1.3174094843680944
1.3261906970000314
1.3122165856248982
1.3081158900490772
1.31683154373385
1.3152336233825301
1.3169570747477706
1.3086401243684467
1.3140754762469626
1.3171279076142737
1.3168496139069887
1.3149145678493692
1.3201912137821123
1.3232044053112724
1.3189251752895215
1.3202795177015025
1.32138734539099
1.321112024964717
1.3247685161014657
1.3234501985986575
1.3180719068050257
1.3271628108022755
1.3288826671485463
1.3286778237313968
1.3195345974463095
1.3319483503415273
1.3264042514647238
1.3293059001682535
1.3299338541043269
1.330950170683287
1.322137270035357
1.3189518000860745
1.3201311354607694
1.318033352109106
1.3160090836328902
1.313064075253491
1.3359550729931182
1.3390563752053093
1.3208308923558647
1.3262857415597384
1.3319026823503357
1.3307916121926227
1.3379585068958144
1.3367903992449885
1.3270030085869335
1.3411213823578487
1.3308268287120324
1.3359503246494235
1.3284854651401066
1.3186020160976453
1.3315248606480636
1.3280882000105887
1.3313001586568272
1.3316683964446203
1.323255021474083
1.3314183431718956
1.3227471402630526
1.3317905667412335
1.3317086484108882
1.322355975866114
1.3134273532641882
1.308460361721034
1.3135317903288226
1.3197048368981406
1.3250207123102926
1.3206728400582655
1.323352950488861
1.3232619010292024
1.3289331334943235
1.3301226261169965
1.3308657772966201
1.3283311099406916
1.328510639555174
1.3351849725723193
1.3270625160701908
1.324175713393762
1.31168754441578
1.3165219084095254
1.3238257960754634
1.3239147476415294
1.3192234829209173
1.322866778031852
1.3174532714817475
1.3096217560757686
1.3209491839056382
1.3207670191460008
1.3183770567502402
1.320189398536072
1.3334201046450902
1.3169667938013552
1.322474102677989
1.3078675479497721
1.3164419503683618
1.3318237805125754
1.3241851006077685
1.3303497653096814
1.3256532263669403
1.316592531398267
1.3309918937967933
1.3293778148926285
1.322770065271605
1.3291420529712523
1.3227278248427323
1.309868301657075
1.3130320066139445
1.3291624107826034
1.3266457335941286
1.3278785204999313
1.324064942990069
1.334772944732243
1.3290612124758845
1.3224340669147794
1.3327823100671319
1.3218648391735512
1.3327663498516589
1.330997199437416
1.3277065087165407
1.328257975797409
1.3273384951226004
1.3242842712810963
1.327820973539082
1.3248133270502467
1.3302397563548958
1.3274543572206903
1.3235747390963681
1.331487609829835
1.3179520209757003
1.3229664243950912
1.3159052572278436
1.3156743781123255
1.3142854404237354
1.3185760412907253
1.3196317338186259
1.3335610023384339
1.3264895057607462
1.3176223762394337
1.3247012919839938
1.3315532908376773
1.3322505190376284
1.3326706883023687
1.3297153199773852
1.3064334021549089
1.3227916791684595
1.3342692584919422
1.3256111163163038
1.329062453931272
1.3361115690296872
1.334252763851805
1.3297794712152655
1.3273601335744007
1.3303656700032886
1.321452142317012
1.3119633922735559
1.3112515865755774
1.315162846172401
1.3185122221771093
1.315371200026929
1.3316344933228517
1.3155481598141838
1.3207562806537134
1.3260066008768416
1.3112684954890212
1.3101049247941807
1.3216540872330111
1.3278082357168979
1.3212435218542307
