1.3611381394690623
1.3672169795290383
1.3620778949452388
1.3762711849742724
1.3745623284878539
1.3635305688120192
1.362004179693455
1.370125323788386
1.3619699999129335
1.3648982285381912
1.3641284345806595
1.36051848290743
1.380108125330891
1.3714243168178266
1.3624263020576681
1.3652543417607137
1.3640402171555437
1.3673553890423789
1.3644818355048143
1.3724019729423538
1.377566267479413
1.3737219820936037
1.3609643972068584
1.3655006414380764
1.3788808380523225
1.3651555134081863
1.3652818956335446
1.3768689836199395
1.3803403374205272
1.360369258059341
1.3671164174163497
1.36646274555981
1.364445284592452
1.3686763316245125
1.3615542379694472
1.361778314793601
1.3659607386185264
1.3661613142304552
1.3811548318976676
1.368268535151109
1.3647746688973244
1.3784907129365713
1.3646427348251116
1.3617887539057827
1.367102499524008
1.3763651854526433
1.3652129409429683
1.3698077545873528
1.3639565047397655
1.378694756094614
1.3761845182691737
1.367784812241128
1.378264936862626
1.3753605794777248
1.3783472537240942
1.3680784260090695
1.3778581911071053
1.3688652236909669
1.3757232481845516
1.3696200436984682
1.3724571137036576
1.3850629190599348
1.3666816249262141
1.3696269539475876
1.380416757367091
1.3776238323432077
1.3775677732932103
1.382723528350808
1.3700046059478208
1.377108200209499
1.363691027239342
1.3691915613645889
1.3694235394196208
1.370285650184605
1.3712905932052684
1.3660060013003232
1.3717762756881626
1.3668470015767382
1.3629143503209562
1.3647896536429505
1.370414032387345
1.3685054349480974
1.3664599653665193
1.366679680484446
1.3668641542734787
1.368110306617284
1.3779248017880634
1.3683785280510528
1.365771187199603
1.3739638820296858
1.3776936516124785
1.3695534123975186
1.3807968569513895
1.3807524060457341
1.3741352683395207
1.366975845301748
1.378966255298058
1.378063220200212
1.3824734786065804
1.3709953102540489
1.372939000271682
1.3736745111710809
1.3636176817226728
1.3697445443565281
1.3675806131861947
1.3705251006973849
1.3664789685135692
1.368221506703516
1.3847410288064337
1.3631531830768457
1.3672299994056416
1.3834645587719536
1.3800189138900572
1.3722531985452
1.3772122717632436
1.378540576441375
1.372806374257571
1.3708879407722645
1.3690633317400698
1.3665982140569957
1.3798043403273808
1.3832317971769155
1.3647135801500154
1.3672295440557727
1.3655605445890617
1.3714886918776508
1.3741102078674134
1.3711339352582028
1.3683767449258246
1.3790608222637921
1.3735506378800129
1.3794453339454527
1.3812140041131273
1.3743539219650536
1.3781366916057374
1.3825719997887418
1.3816362369951292
1.3664952068073062
1.3636493421058935
1.3798902731820906
1.3696349074500485
1.3736873241075673
1.37868765282997
1.3821599824013726
1.349303584142599
1.3501157202401688
1.3694347100531663
1.373449190295331
1.3736067645025523
1.367105906146998
1.3596466932605844
1.3765666492748738
1.3714993858241094
1.3715486681320603
1.3619975401729776
1.3827501685568762
1.3845260805857846
1.3528294932974296
1.370696106488273
1.3851277231989818
1.378995776006297
1.3638624366834868
1.35493146971135
1.365519275392644
1.367833884853003
1.3793261362890832
1.3863240262802263
1.3687061382764616
1.3654321240356866
1.3747173163701607
1.3679264064797576
1.3677346054083388
1.375188676212396
1.369195129872963
1.3728398364790908
1.3637467052969476
1.3533995942144101
1.3591204999939261
1.3673724010324406
1.3667627220417529
1.3574235660848684
1.3497709620410379
1.3679392473981382
1.362782765123225
1.3638623029603885
1.350332135961086
1.3626802267017712
1.3778389738871022
1.3614006581740723
1.370807972089794
1.3669990599835211
1.3644458612974275
1.3745820236233812
1.3722894016224607
1.3780415522876623
1.3744527423337067
1.3695997273656237
1.3693607128474308
1.36592629945088
1.3588460825547344
1.3671169780118912
1.3749897664800754
1.3626445245312455
1.3671927317612043
1.3601102116309118
1.3590348118056537
1.3660899707615475
1.3672619376778181
1.3710591718649623
1.365035781892398
1.3656425188250412
1.3802211127314865
1.3815440165746755
1.3670377713037918
1.3666697781319943
1.3725571541477064
1.3738986141305989
1.3622294968378292
1.3611474736463396
1.3607693429498489
1.3814710484059998
1.366323065146099
1.3717098428545467
1.3642645908917175
1.365403943697837
1.3550846846650275
1.37646756425567
1.3670114249294465
1.349483055856474
1.3513680351813993
1.3692682588416807
1.3605007105733757
1.3672593601994367
1.365425426206292
1.3801513794813527
1.3592480371121383
1.367721609404199
1.370333625865764
1.3541734622936352
1.3505704635268723
1.3515789869018129
1.3520460485502412
1.3720139029808385
1.3661987607538972
1.367631233130258
1.3656171780024149
1.358961361762095
1.3632338893773728
1.355432071155712
1.36593716294025
1.9009327238612266
1.906085184393067
1.9005700686695313
1.9012457242782388
1.8990973717012039
1.8949804772648433
1.895517228499557
1.8932759126346987
1.8955274744476727
1.8899466875241173
1.8985846339041719
1.900642856739735
1.8925973778724994
1.897174080673678
1.8975788498901918
1.8994183618905087
1.903115604615991
1.9026521571616812
1.892455912834426
1.903931750941141
1.8930584534392951
1.8959234579153645
1.8978621547133245
1.8933548324215939
1.9064584726323202
1.8988190705251269
1.9049530856448447
1.90014652499859
1.898088655080696
1.8868687660239265
1.8948119488134219
1.8803288563965752
1.8946525044750016
1.898065816022416
1.8954201612721804
1.8914282786032626
1.8980271838727518
1.8926881866567187
1.8898891779426603
1.895264115746318
1.8894370524110686
1.8923949500350472
1.8905303200298187
1.9004199429038666
1.888323786235377
1.8947425309064578
1.8829813037816647
1.8894713769920015
1.8921921386590468
1.894747777718279
1.8882335107411223
1.8934222064406843
1.8819222058697684
1.8842998991752435
1.8874857560331226
1.8894661097989904
1.88922966501886
1.8900385357653753
1.8951130291058955
1.9053918804292762
1.8978979998992713
1.9000981184480583
1.8925447488267242
1.8974715004253133
1.8986922556161219
1.8994638941966904
1.9027260493054963
1.890226642034115
1.8954907691657192
1.8970355163205865
1.8974702746288936
1.8949656003491528
1.901826626890517
1.9066163007778094
1.902553943165977
1.9057918723281895
1.9042585213878809
1.9063838672200573
1.9122625314730646
1.9068476429613364
1.9034999833241917
1.898097237796198
1.9030577319317625
1.8979234735062989
1.901143931548532
1.9004097136187053
1.897447991063433
1.8879075396182152
1.8828130947042423
1.889367857544318
1.8943843470173138
1.8876081891638161
1.8903292941807377
1.8879707796120622
1.881863654489483
1.8931560426172727
1.8871975819981996
1.9012655741991542
1.894269648535478
1.8986328057507564
1.8967806162529877
1.8960607650548846
1.8986317446894934
1.8984516122244448
1.8979106216779538
1.9007722227177204
1.900981172174466
1.8884406289446352
1.887485619353917
1.8874249191938681
1.8966628029676769
1.8873837189954883
1.8932178643035564
1.894355140923005
1.8994590643090477
1.898099895777214
1.8914328291339153
1.8867327520740247
1.8904262546247077
1.8943890792363123
1.8879495283405252
1.8991594857178944
1.8989746045017961
1.891315553952188
1.8955299214434234
1.8962428741674024
1.8885659540115285
1.897582606958688
1.8993656026244798
1.891061816482099
1.8956046925403989
1.901330549327401
1.9005652580534205
1.9013684615462096
1.9118505281396627
1.904569151931778
1.8961221978336864
1.8976576898881647
1.8956652839093757
1.8976050628177563
1.9013366794780264
1.905658004623803
1.9000141873373373
1.900429220386848
1.8921536272376744
1.898365497151687
1.9016279597161725
1.8972557659169316
1.8958586996129745
1.8939640101726216
1.8973841253498405
1.8969453689176896
1.9000310532679805
1.9031664404157274
1.9005534368459376
1.9060032552552082
1.8981670410055511
1.895331313027641
1.9017808597714032
1.896725098450001
1.9019108365284612
1.908820490191847
1.9007145442135722
1.8953682015791395
1.89715340952958
1.9009580688918495
1.9037261417031457
1.9028202546722388
1.9108210875358276
1.906634815535879
1.895125808284446
1.8982553308443304
1.8963673437516304
1.895977163080193
1.9001674157775053
1.9064717155737358
1.8923074634681465
1.895536380981441
1.8841022496226953
1.8889948985959666
1.9042531880780331
1.9040561623373065
1.8997994486616134
1.8964622842169148
1.8966000549946882
1.8990919281347318
1.8986857766782654
1.8998169641807754
1.903454484522415
1.883498057997167
1.8971013117062945
1.8985819462248537
1.8960311495161049
1.8922661906358402
1.8983488615908535
1.8920300070553684
1.889174114206744
1.8846026288620898
1.8907117287885538
1.8982077333097997
1.8865821764143118
1.8895612760229967
1.8915041855805916
1.889357693944424
1.8845266016995863
1.8878154225138244
1.8924045563124654
1.885857838083812
1.900439638387669
1.8941290452013002
1.8927760602853718
1.9039983829481564
1.8814420149917357
1.8920546394744817
1.9014973928742618
1.9011516202792222
1.896765024084496
1.8942020295537745
1.8950465276784905
1.884035241094075
1.8820415905839207
1.889351763661699
1.8879546039285897
1.8905644845385512
1.893979860260402
1.888248039956438
1.8904811408559508
1.8897650819787988
1.8884718292899076
1.8877537838345402
1.8904760664620044
1.894664835296979
1.8952227867140468
1.8904777743167451
1.892067028714094
1.89264155455731
1.8981417676698666
1.896344099308558
1.8966298320212993
1.8939235167396258
1.8968303717196071
1.8978461078076625
1.8961935019959835
1.897758004349831
1.8987200553150372
1.9012782225501972
1.8891385258925462
1.8943258304599044
1.8867017707454736
1.895123520798571
1.888815302276809
1.8938285793440166
1.898517253166555
1.8899469448283017
1.882744123418465
1.892562079533227
1.8895458337930244
1.9061288697388492
1.9043760737401598
1.9076846772313947
1.9022115232711696
1.9066228868058281
1.9064130230841423
1.9005914268512287
1.892581018314575
1.8877838739148332
1.8885577034642644
1.8876697348298859
1.8936459319824075
1.895679416187193
1.8954823757021315
1.8984822227999578
1.902729515466245
1.9011833701776828
1.9023082730726526
1.9031486374744007
1.9058227626203406
1.9017343602845382
1.9061001535580038
1.9042427396274229
1.9098237229360469
1.904066896322123
1.890799549023479
1.8978870970846167
1.8960602427752975
1.9027704842081186
1.9078578800354202
1.9010876639248098
1.901114949492294
1.8951831413055493
1.8988454191307629
1.8936247158085966
1.8886490688571649
1.8958730054320188
1.895111300719509
1.9036578042419137
1.9042969261427278
1.8916077894891103
1.8927878589366167
1.8966969348295046
1.9059068084220503
1.8869471746789515
1.8929562612520419
1.8853936927620398
1.8834266533052095
1.8982191783787534
1.895993254462232
1.8944253482905022
1.8979962145669933
1.8928738421326927
1.9009641999984792
1.8976396860377727
1.8925169755392166
1.8992777347489835
1.8901586614234231
1.8977323217313171
1.8998782738651798
1.9005528960029154
1.8965250684850248
1.8953910326227583
1.8959157068746202
1.9084709060366014
1.8939455108753065
1.9008828695775575
1.898015120840736
1.908593352106048
1.89777244628078
1.8992453440901074
1.8983520256210014
1.8948067544845606
1.8966141209748055
1.9017654318014565
1.9022711116000917
1.9009404730853363
1.8997555387613239
1.8887378154895145
1.896339402605793
1.8866541100929022
1.8873415347647553
1.8844277136779808
1.9074685451487705
1.9086885682902692
1.908126969279097
1.9033779459492859
1.8942548642884998
1.8966805988968587
1.8942305146041665
1.8956301847480983
1.8992603007560078
1.9043396452095152
1.9040034013436538
1.8947111651055313
1.9001739983467492
1.8855133686931205
1.8900763018625717
1.8944371043960904
1.8893683689877818
1.8902855932847293
1.884089539421971
1.8864822509280317
1.8891287951409585
1.8909303218567861
1.8869199832929835
1.8866817144601598
1.8891566829709272
1.9047432689244406
1.8915764766696623
1.8935813343637784
1.8878013928312096
1.8990034310762656
1.89663362108006
1.898062228403358
1.8957139167181434
1.904203158241577
1.8989319762172099
1.8987726390503212
1.8981177979767296
1.8870109731324551
1.8914241660182598
1.8852022090396368
1.8926561297546332
1.8929742850320006
1.8967700394540556
1.8879846052013083
1.8859159370297967
1.905524895268113
1.886216715685926
1.8918236919439417
1.8913849337490276
1.8905015192655983
1.9018407042857977
1.905656537591675
1.8941832630802997
1.8967192019252486
1.9000486562031478
1.9006789037516618
1.9035065134963567
1.8895117753898858
1.8875721835030255
1.8843734945026827
1.8899918317742166
1.8952848145565067
1.8947770530619819
1.8981002374528717
1.8875233121090338
1.8965306907276729
1.897257270018138
1.90070436654585
1.8974854278283722
1.9035612237677553
1.8960632516888525
1.8910462974112172
1.8955518472717772
1.90874143963036
1.8893837468132293
1.8941305253406957
1.8996122173465735
1.8958912160688983
1.8985410684354544
1.9016347448028206
1.9086031423008438
1.9135679242629324
1.909154384091546
1.9031242080951765
1.905656037971429
1.9021100035025138
1.8954994653172161
1.898180024152517
1.9036293236611228
1.9111736052849806
1.8942457699923876
1.8994154286152403
1.8934836963783224
1.8988451847753607
1.8964086048696913
1.8998705949163144
1.9006222250015035
1.9072254829918494
1.8939399263370806
1.8911497711182812
1.8942868288474763
1.8885332079868875
1.8888593865533727
1.8879625756765244
1.883651032416402
1.8909772165421785
1.8880666834739572
1.8883406914670116
1.8864146552355119
1.8899244400804338
1.8966226906103951
1.8883945842924346
1.8921333196340002
1.8895183241500548
1.8862423580790602
1.8979197443286704
1.8988537052922296
1.9012267667667182
1.9022730788797966
1.89482266300887
1.9050207097656566
1.8998524892509232
1.888762672687869
1.882839235693589
1.9073406451570534
1.9034187884195781
1.9075512728359993
1.907296872639166
1.8934853257275834
1.8999972750048266
1.8893294866831076
1.8956457305827707
1.8909340405663382
1.889851589902698
1.8914860231235588
1.892582020084681
1.8877980447155134
1.892681202103707
1.896378360380703
1.8937776239299176
1.8930654493379493
1.8943232108968668
1.887788073548278
1.8943383412989796
1.8996863023297286
1.9074077244218006
1.8969974197086406
1.8976048992972774
1.896253107605947
1.9126538932633903
1.899046977427504
1.9006167365877786
1.884039434080465
1.8803250857697291
1.8852308884290525
1.8928729010217211
1.8997831472940556
1.8980758914041105
1.8992692769620374
1.8905042252434483
1.8941548622714617
1.9018182929761684
1.9037830497775614
1.8841765736119127
1.891569327207775
1.9011356585289771
1.8952029056189208
1.9014975477887057
1.8971064462888951
1.8959299907215252
1.899682577486136
1.9033594244269734
1.8968578287021236
1.9019441810161908
1.9046742043057148
1.908520859812177
1.901904215146157
1.9056391253302425
1.9010284405202211
1.892762237639258
1.8983553875700974
1.90318120686518
1.896095133406645
1.9024562787517778
1.8850319716296173
1.8969129109449172
1.8934361849738117
1.8967365570769268
1.8953957586249626
1.8955006163387356
1.9032763685917595
1.907259112392293
1.8963389772740937
1.8954214009522186
1.9048344308795824
1.8970799475713815
1.8958495625470893
1.899821232148739
1.892797004260722
1.8951022749570205
1.8974905784372178
1.8976122808529015
1.9039004864706104
1.897529483878373
1.898120388780772
1.895375776137717
1.8980758702537825
1.8979775147711528
1.899112176356808
1.8969154329084612
1.8866793000461912
1.8849659507875665
1.8878649662391116
1.8873547348616482
1.8838581298391126
1.8851440774130652
1.890194276119875
1.8947450896390552
1.900983627778978
1.904675158911459
1.9083269496547404
1.8950316890102168
1.8920570593272164
1.8963478843545793
1.898442431265926
1.8936524289126908
1.9015369567921117
1.895198316696836
1.8911812776842511
1.895096642487956
1.8949960150523175
1.9005817764652633
1.90336436520069
1.9012777376052772
1.8980436665823142
1.8954098677217999
1.900073811913023
1.9022389510170454
1.898307074786688
1.9060282543071503
1.9066493772103907
1.9083906531876613
1.8992941504343293
1.9053503953818405
1.8997344828610503
1.9048963760172355
1.8827893146803847
1.891394758279749
1.8937466936602516
1.8949692548019665
1.8800667286164339
1.8883810789180102
1.8926207727923903
1.8947936862358397
1.9038746689722732
1.8959692044144236
1.894617510426977
1.8928405083666975
1.8966449489119586
1.8917023790525371
1.89187819243956
1.899388581139711
1.8952721423686318
1.8894236226651349
1.8890482297478595
1.8958749423458199
1.899801505436211
1.8980225891809945
1.8971561202285832
1.8923135982136057
1.8955523646170132
1.8979531081583338
1.889931053649567
1.8889686597097564
1.8918873440321777
1.8872364795974537
1.8967662537591348
1.8918752280913387
1.8874068725958277
1.8906032379880138
1.8880861565529061
1.889914328818509
1.9013828025364568
1.9043943007632185
1.8831478337971341
1.882978649054424
1.884216394717362
1.8877954920931816
1.8911157933721394
1.884982916442506
1.8879764981333198
1.8888507961061922
1.8945362355724475
1.885070149159056
1.88569909078146
1.8851346952275216
1.890125180891617
1.8884222298137818
1.8938081905115687
1.9046016187916301
1.9001256693407582
1.9062628582296401
1.9063092978104317
1.8970882697972857
1.9031547308475663
1.910192238156934
1.8991086749636226
1.9018663214453777
1.9032132621238196
1.9092792745315261
1.9059387721557859
1.9068263781155657
1.9013032424445466
1.896888624671987
1.9046774256951071
1.8943556640721326
1.8951592594530862
1.9028151049405322
1.8894610874170081
1.886315290611605
1.888920112650357
1.888447149184698
1.8842291741915014
1.885224806007782
1.8886783940951597
1.8830270899631
1.8911516201797818
1.8917277936683872
1.8838770249302423
1.884595291146149
1.8904718545139487
1.8806375475265813
1.8911468684364492
1.8885764662192095
1.8941772751372832
1.8960839407945331
1.8915184247492067
1.896824398533159
1.9010379799519765
1.9053080015782615
1.8913528411119542
1.8955117631590876
1.8976728911200746
1.8981566394965457
1.8958434065076064
1.8980633317193807
1.895040039198956
1.8924998034396259
1.8930332950381954
1.9005832485278158
1.8925995579501629
1.8966288325908989
1.8969454812772841
1.8951279468975006
1.8981714099948994
1.9000229271833902
1.9028836508885123
1.9019535731403792
1.8877976677361379
1.889586018867252
1.8894132038582256
1.888161167224717
1.8881838747095703
1.890257401213238
1.8841999294515601
1.9026872942986748
1.8961201666139489
1.8943917239854355
1.9036548075424728
1.8993631662160384
1.8983773412523317
1.9005690710663552
1.9005180046058539
1.9023011652563495
1.9023692699943224
1.8968954154814008
1.9005681895020239
1.9011708131812646
1.8971957286256613
1.8974544485967597
1.9038536219170734
1.8910307111724909
1.892678458290317
1.8945500365190737
1.8917513045413958
1.8919630573689457
1.879706860309983
1.879535234636082
1.8907613226424405
1.8857553061691261
1.8866559973275951
1.8919012704370406
1.9116754807567022
1.8951100310942743
1.9027687133445752
1.9010835963578459
1.9027755327134326
1.8997925133319007
1.8952319838619527
1.898128062674803
1.8960004007869053
1.9013824120080676
1.891405404256889
1.903099524407232
1.9020119125227142
1.9003743246569003
1.894088276555586
1.8935779478828239
1.898906562583863
1.905596555878073
1.8986930554898003
1.8959903350504759
1.902953848864481
1.9055686948562018
1.9014682923376662
1.8975787288564976
1.8906825222363897
1.891440851322243
1.8853787698377746
1.8943261036210255
1.8984657979910502
1.90175849224585
1.9062926832000893
1.9055188097404208
1.9018921311750678
1.9128432960556772
1.9044161517097344
1.897002743910027
1.8994013882759213
1.899480486845884
1.9082564254478924
1.8953417157267278
1.897066574066103
1.9010529985155666
1.8979835126639768
1.9086545353929232
1.9100460370574714
1.9067537466902624
1.9030152099835123
1.8913742883612665
1.8920791342391818
1.8974708008269356
1.8819867570943931
1.8861678577042853
1.8885884369889703
1.8816123731280217
1.879769137577377
1.8992948442462694
1.8983539679622878
1.898011929870317
1.8912351504473697
1.8967854648258278
1.8872128358413576
1.8839084253264438
1.8870876143216597
1.8859131577126003
1.886291106308831
1.8883000374595862
1.8895647277789167
1.8889203332055804
1.9021747497970203
1.9060969590381815
1.8988086494378822
1.9039491002592284
1.9045548611146625
1.8954879975063403
1.8986753247954324
1.8980229032741605
1.9048987883867623
1.9028637840468743
1.9027280339711425
1.9041125569523332
1.8971869579940108
1.8965476636804968
1.8953231123467718
1.8980668282726005
1.90142452821682
1.9027100537273514
1.902499733568074
1.9014051552682771
1.8997501333236129
1.8957330220912763
1.8971268657926044
1.9047839198383432
1.9044834139671467
1.8959527295187384
1.9027333254485963
1.9038559610193333
1.901147786908869
1.8902315385615545
1.889683560482004
1.901406573493728
1.8914570623725546
1.8945348409807428
1.897480682550051
1.8968643643010263
1.893787439473927
1.8952696391018429
1.8927624081466785
1.8960165846954515
1.8892233428436034
1.8933747406723391
1.8956046221737473
1.89742898188221
1.901937720889043
1.8989921732467387
1.8957329680274841
1.900386032996576
1.8980157629183654
1.8919259738998129
1.8930154316656334
1.8925011254983597
1.8967838068477099
1.9080775928329992
1.9022547177081837
1.8970947837781444
1.8952708004561074
1.9009651024203353
1.8973654254337957
1.8949725737714036
1.8996319251948706
1.9012055892330584
1.8930336471518985
1.8955084570718614
1.8880698110992336
1.8871276693418688
1.8919956150415902
1.8941889690060587
1.9063387930220623
1.8897411015926524
1.893551746485714
1.8900085814756575
1.8894353369222407
1.890993337984616
1.8931204416159901
1.8900208576413962
1.892026932638031
1.892238167707844
1.89245931975508
1.889730317031755
1.8948684299643361
1.9080073790141112
1.9033419276675845
1.907863785775774
1.8928755518430178
1.8898145086667908
1.8904416361854908
1.8946784226921207
1.8920056366952431
1.8917839907215532
1.896149356665422
1.8911801584588617
1.8910278945926398
1.902652227864869
1.9013381458337095
1.8929550368281753
1.8842799821451992
1.888872551278482
1.8864601215036578
1.8966464357669917
1.8872120565064596
1.8869488634360154
1.8939338877568779
1.8855101117605972
1.9090437849237092
1.9100377565342501
1.9092801360684877
1.905349755423337
1.9080670412968288
1.9050050960400122
1.9068208505406552
1.9005387721416103
1.90356391456177
1.9117360683318905
1.89317586862866
1.8879638892326212
1.8935960633066562
1.8916991135869805
1.8930772984826916
1.8948980697123432
1.8991488259404905
1.8931795328223928
1.9013929780124126
1.9009924250045018
1.898451490914211
1.8984082344849509
1.8987133449466769
1.9019516250623947
1.8958369528269092
1.8943115024797292
1.9001895709575494
1.8994628614955418
1.896367829849916
1.90340636907307
1.8974802375309454
1.8957066883025255
1.8939078369878568
1.902787741094268
1.8995720247914325
1.8974130998868741
1.8933813061154154
1.8925941287485293
1.8967783826547904
1.908690025827128
1.9038019993064035
1.9077691435318511
1.9003236711781084
1.8959161675193381
1.9017211110780479
1.9060612096597713
1.9018340770559812
1.9042746383575075
1.9025877720062179
1.90385093338587
1.9027368304935774
1.8989396104154466
1.906388502826472
1.9020056890635373
1.9074008188526062
1.8993907711754152
1.8976181546837658
1.876216679472289
1.8890272470563843
1.8860561453718672
1.88579584167026
1.885944819755748
1.8852031157206184
1.8730556245974335
1.8920319462016424
1.8847898344133163
1.8910032593178794
1.8830817547469476
1.8849576695859176
1.889749043882723
1.8866658193962464
1.8946742492625128
1.8947560793598517
1.8966355670560915
1.8913950749302078
1.8861253250421308
1.8913274089273981
1.8895332133962979
1.8983282153005765
1.8829497187831623
1.8916246027381984
1.8900941345818494
1.885815514535672
1.878730166339335
1.8910028092995477
1.885305504663683
1.8846000788739627
1.8914564195707986
1.888964558459503
1.8834674386524857
1.8908108441467262
1.9015547621239899
1.9007760505908373
1.9022567500369716
1.8910761239325589
1.8832358018208757
1.8823605382870572
1.8801576755028753
1.8880153685156258
1.8970210877781288
1.8996634081246815
1.8964618080183417
1.8786562800607824
1.875427371725961
1.8770465818136541
1.895725215067097
1.892892007201691
1.8972486114936908
1.9053049946641036
1.8946460074484726
1.8946879074897145
1.9025456504445137
1.8969379801911317
1.9006703833789063
1.903853128078888
1.900544622412475
1.8970802450412156
1.8945042908184806
1.900775444590057
1.8891232057382548
1.8934458871108417
1.8924899290615536
1.8974412748654477
1.8918638405303092
1.9005120277975176
1.8968384604555941
1.8967631257506574
1.8842322695774842
1.8851427158183087
1.8867818196028217
1.8898162869409365
1.8907537002011512
1.8906364525149126
1.8975736886318428
1.8916360413391085
1.89875312109608
1.9012064884719684
1.9102716495172938
1.901232000732871
1.9046225210388785
1.8954245664255343
1.8997654152102508
1.9014293019777333
1.9008024945738544
1.9043340610035457
1.8951012842487944
1.9000101406349106
1.90194736683222
1.90170665399035
1.8956998871140862
1.8927604271759222
1.9034231070016936
1.9008450218905526
1.8916087119289353
1.8840797888051555
1.8680103790984
1.8698379440879906
1.8883149798588506
1.8840476874944156
1.8787954186547242
1.883456608454307
1.885201312168667
1.9046248272257738
1.9029453753448906
1.9035863355022955
1.9071532042113761
1.8998152919452385
1.8945654513494836
1.9033568002947487
1.901361483013727
1.8744581326399328
1.8974333103959207
1.8754575228033603
1.8997725373580236
1.874752143049678
1.866594203374171
1.8757492658880681
1.8650057764296133
1.8669116516480535
1.8943282005974407
1.8971006956477574
1.8896962852234682
1.890995210009326
1.8937788017960777
1.8930607034072477
1.8999609569916414
1.8836150404020024
1.8824107585486898
1.8796304239540071
1.8918065750915798
1.8985690287963592
1.8992216890443945
1.9012177374810892
1.8898237193775378
1.8954059788413378
1.895609618553684
1.898786268492686
1.8881459282035404
1.8898183780492992
1.8940549200084311
1.8899477939858238
1.898258671609824
1.894127320817452
1.9004695954098019
1.8931617551054345
1.8939484953461896
1.8975591877935718
1.897473762473338
1.8998479251504707
1.8951529169031656
1.8893918638058316
1.8901264380288554
1.8857623291474166
1.895020343501967
1.8884063785382916
1.8829174895634826
1.8844104056428221
1.8892188318902066
1.8827644477022838
1.88451602652243
1.885414753799256
1.8756634362851174
1.8813420336345186
1.8687902485521999
1.8751239062779663
1.872134103710297
1.8726906999077597
1.8696609735335816
1.8894435452371987
1.8854708886824865
1.8960170874947848
1.8852899780275811
1.884673395306734
1.88978225695759
1.8908894962558906
1.8941858100557638
1.8959494222962072
1.89264396423499
1.8899542612523834
1.8894946319252746
1.8888033300693923
1.8876707240100377
1.880669370526297
1.901512946326348
1.9020018591297827
1.8958156598057412
1.8910405171149043
1.8979482699093155
1.8913965085534357
1.8994935254479783
1.895823296607029
1.8968144496637611
1.8970064617026918
1.8984160542573634
1.8916136168673683
1.8929073904375657
1.8903642170131993
1.8897157127714623
1.893731889369918
1.8862383372717304
1.8844831711418346
1.8928172133858756
1.8867233290360579
1.886282933252676
1.8860873683803359
1.8908002936933637
1.8893874329226088
1.8900290944727518
1.8941652650208127
1.8878508688391522
1.8847106904555329
1.890463930687732
1.8822189344568576
1.888478519781128
1.8984827855862154
1.8956146765943058
1.8950946642125392
1.891533943748583
1.8900754580434396
1.891490530568988
1.8788515984000007
1.8807597430698233
1.9066587544393487
1.9058722014526421
1.9108871661622002
1.902595856148944
1.8968064682404187
1.9025201228532336
1.888939754135536
1.8981504546553363
1.8951325285821834
1.8959544394152859
1.8971557463796633
1.8931303908602255
1.897931697409258
1.9007426197270816
1.8948891027609636
1.8917231734315572
1.890573091752434
1.8981935410707056
1.8985626167002803
1.8962991173830395
1.8933836002709425
1.9011972058461617
1.8873391070381227
1.8918769781636358
1.8896233057067249
1.8844920495330273
1.8812425842899057
1.8845888361104477
1.8901374662039439
1.8889759752027784
1.8967178124213062
1.8856097103835083
1.884314391240088
1.8956999251879718
1.9028218221528752
1.9030243953347987
1.9065859508618959
1.902965296035147
1.8956807882991809
1.890059508596463
1.8813760559871484
1.8961198949631948
1.9008443035310998
1.9027126296277774
1.8969606614587615
1.8946814591201186
1.8961427972906868
1.894300674407503
1.8975946099426764
1.9042368428004308
1.8955642797285712
1.8922446081333597
1.9044915396129019
1.8904773813706217
1.894424303658963
1.8830960329636872
1.882452492172284
1.900775406902196
1.9029402529781274
1.8994643011837422
1.8937250111518558
1.8961066526505093
1.8872468343007962
1.888580710251703
1.8848122184229303
1.8974920956787482
1.8732804431770407
1.887208029204578
1.8786418978717123
1.8795219413526043
1.9071052215042334
1.902664913177612
1.8942067478162299
1.8977084013442616
1.8833823704719195
1.8988725860902078
1.8963263144422062
1.8921282956728214
1.8847166746870307
1.8827820459785618
1.8821961270493732
1.89911194782312
1.8887130157801475
1.880432987935478
1.8832136921979719
1.893190714653417
1.8849496215524768
1.88337983815537
1.8895725085738666
1.8880564140514484
1.8874222803560774
1.8706472309875561
1.8756439194280639
1.8746284947193697
1.877220899512007
1.878188055229441
1.8750991394074004
1.8855380900420566
1.8859752980950228
1.8847768463452947
1.8907642522728867
1.8889775872394845
1.895497696938207
1.8898815683454024
1.8832265656041887
1.8836454326376078
1.8903947222620343
1.891538695133402
1.8850295634706338
1.8885838385398563
1.8880023420360628
1.8868841102899006
1.891868158204239
1.8870286505328844
1.8805580874030274
1.8836090129147747
1.8861069825795829
1.9011202625501256
1.8791978186623415
1.872375824156287
1.878195991288265
1.8752540325086446
1.880077580723424
1.8756282900801933
1.8770953487560051
1.875056438467286
1.8834652118777624
1.8753024878211624
1.8906515937078718
1.891701958098827
1.8880661572593038
1.8928580932528352
1.8886092025277548
1.9020589935397967
1.8989886821410495
1.8798634451803689
1.8921341598359669
1.8967113312368067
1.8959752577207771
1.8948295402465936
1.9007053714496738
1.895525405086017
1.8902830665474197
1.8898284688863805
1.8980580440412254
1.889839919012998
1.8891460208617876
1.8908992278336603
1.889609960794419
1.888395626353145
1.8944190992729975
1.895098776699944
1.8920794347877536
1.8960724338419688
1.8890911378293154
1.8884882436710015
1.9045979795349322
1.904048866434331
1.89955656840879
1.9051027381931303
1.9050933003458381
1.8979244804834654
1.904093659817371
1.9049120712221692
1.8987478823133213
1.9032381314151008
1.900810376864267
1.894342623000209
1.8891346145494126
1.894245449181881
1.9019786916051622
1.8721742861322623
1.8670330221409681
1.864998082737404
1.8678997527342516
1.874781124125258
1.8925575743909173
1.8804874611290068
1.881345060716038
1.8811950896625595
1.8899494356278128
1.898234123547035
1.8944783497166438
1.8926936900755098
1.8761689525600065
1.8930090552300178
1.8859890549491847
1.886169857387899
1.901491092694697
1.890624997995246
1.8960371859186806
1.8900570703393946
1.8904035345159804
1.8945641366049537
1.8995544876721955
1.8898334109236496
1.899805688724375
1.9069111287356197
1.899313183254356
1.8851095697919118
1.889444247884994
1.885411695107159
1.8895906271331664
1.891328877348249
1.8987930768144088
1.8895494392983387
1.8887498998097396
1.898937486250615
1.8839019335288107
1.884783074112235
1.8855715257154335
1.8875996785554003
1.902472478992471
1.9044000116417692
1.890461131615086
1.8939818752444677
1.8923977824972547
1.8992872838118375
1.8870865723048522
1.8901152223799351
1.8913957230598661
1.8906430235098985
1.889058119432991
1.901211098165618
1.9018909562182689
1.8996623741259921
1.9037260860305794
1.9105132911973743
1.8798887687275825
1.9017674953906403
1.87704482786109
1.8984068069509483
1.896402262050305
1.8838663816011534
1.8847442122669584
1.8938866673620196
1.8853130548869215
1.89435257474248
1.8941572879123696
1.8897644009027927
1.8821211639694815
1.8876150394072395
1.8894661255606735
1.8696894899359178
1.8860290182076491
1.887514991756792
1.881391161482472
1.8860610681483232
1.873616184203266
1.8746576305487805
1.8788366740230644
1.8703087155191869
1.8667821923117707
1.898988646724861
1.9011035302876984
1.9018865684084503
1.902588458839872
1.893422743212843
1.8938981236670587
1.8930572894003697
1.896842518058821
1.8965124030329172
1.8981907020052107
1.902548391253126
1.902729516475355
1.896575311732596
1.89841819225795
1.8903697866132616
1.893896626519251
1.896746531465221
1.9044907819914154
1.905740998281302
1.8822944046435668
1.8809909204961361
1.8850552894700106
1.9108620049982807
1.8753470094538587
1.8728565723674173
1.8917986299396645
1.8767605861979355
1.8776257298387489
1.8783764462393238
1.8925521606432831
1.8687801214128692
1.8774021516230042
1.8771925438520252
1.8694732266199696
1.8906361794722435
1.8922290293453894
1.888980239265549
1.8885481406990074
1.8952219036739186
1.8963381148894374
1.8905595152097103
1.8965381715187013
1.891318821495953
1.9040665332488007
1.897906686147367
1.8955662793974357
1.891888846538866
1.8894450026020115
1.8876932554707546
1.8913222864513595
1.8932826273683343
1.893833956035927
1.8906397435549314
1.8758008114657054
1.8751531887811066
1.8791795969224407
1.8705249269378348
1.8976025934306724
1.894835741990028
1.8930665072176804
1.8955683060519508
1.8923851604470416
1.900527388258024
1.8943248134205695
1.893749863587201
1.894225033372184
1.8980054060694318
1.9015388494069614
1.8962159834191379
1.8944476869885132
1.8931243733731753
1.8958302112062484
1.900465502607591
1.8984944115480584
1.8971937784614537
1.8982373211871204
1.9039075336164393
1.8953916497439665
1.8953990481042708
1.9030689763993482
1.899840429445255
1.9009094468429657
1.9001041206710745
1.8984154880712354
1.8945331960271408
1.8958956082678593
1.8943690844667975
1.8950466728138884
1.8904745689505649
1.8895485568695065
1.8962569384178647
1.8873297904459005
1.897046542939411
1.896225263775837
1.8961388611336145
1.9025282533751107
1.9004059258386565
1.9052291377148995
1.893105555946851
1.8939858306625013
1.8996061386024845
1.8960577646321695
1.90061203150202
1.8933354945658467
1.897465011971217
1.889820760764421
1.8947866047623618
1.9080406394039942
1.9005675165790756
1.903726266679809
1.8925648455008541
1.900752851640122
1.9013530245373187
1.9075575280590062
1.8916350878990595
1.8987537562108843
1.8982064555264975
1.9006633360714937
1.8975878948861604
1.8976815744386053
1.8941591243670295
1.8942895485054183
1.8880385010214413
1.9003474256131612
1.900836400985
1.8998531534018008
1.894805604514894
1.8976709580758429
1.9003223465257857
1.8958355948082253
1.9036282023811757
1.8924245707974896
1.8926682210330523
1.8975308031268128
1.896219309474585
1.8979922607290811
1.8925365500589695
1.8936964485311567
1.8851377714141146
1.8974568359526152
1.895556330899911
1.8968621311383245
1.9033874662670986
1.891966241653649
1.8922744002487857
1.8910805405348288
1.8912855086730647
1.8950788499082134
1.8911895617234353
1.896223964323188
1.893233773578798
1.8931767477655719
1.8913958698133884
1.9049003787892311
1.897261295441524
1.8993670177210085
1.8991838109995594
1.864878264637082
1.8646516577495607
1.8740978106389694
1.8670214272079206
1.8683172188483528
1.8707750295467354
1.8972712646691632
1.8968994566384307
1.892653532560285
1.8814002091221442
1.887728045435896
1.890008695081742
1.8884952337387098
1.8843535454989508
1.9042798393402829
1.9087353742216855
1.890544522594472
1.8993954876206267
1.9018178219467485
1.8913330732358746
1.9009158861266078
1.8995794827385903
1.8970910110307306
1.8904686968409572
1.9028036271377657
1.898848653656292
1.8992675012081082
1.8942329303726178
1.9005099860240644
1.904068299331548
1.8997058897023358
1.8973780315429554
1.8992516117740574
1.8958020072262562
1.8922725243512468
1.894802511866981
1.9060661200412168
1.9010118676294616
1.8981079584261489
1.9058375085824406
1.9029567773170246
1.8875702419190201
1.9000461539117488
1.8858458765790542
1.8864411234208567
1.8829072140724479
1.882642116002417
1.886664315969567
1.880799884895328
1.8965107174515743
1.8901388969672683
1.8959512551205426
1.896824576976498
1.898477450275859
1.9018892915167556
1.9000511889978788
1.8986994998560163
1.905456424934351
1.8986387910595435
1.901017474898442
1.8978631989116244
1.892299643385278
1.8959217243944315
1.8995767348514658
1.901389929203334
1.8842188569828615
1.8830595256853753
1.8851400234320301
1.8766209374555896
1.8745950894147907
1.8754317736494914
1.8692915826976453
1.8807096773214667
1.8776845464849434
1.8792700631680688
1.8757740647310193
1.8824283170169156
1.880382885080435
1.8755321854151092
1.874897657441239
1.8758544862332753
1.8768792772462588
1.8928905964821683
1.899525047706653
1.9007382877560441
1.8936117435253867
1.8929093049219379
1.8926000523778128
1.901380090401929
1.8909295336736742
1.9023831897149837
1.8939140835508228
1.9005199976433844
1.8948186221492276
1.8941124133916076
1.8972752877945929
1.9039497035331872
1.8979618956035358
1.8917326576243052
1.8925917011365576
1.8974420411381634
1.8944397286763244
1.8879187665476902
1.8975840092706604
1.9060296406135262
1.8942442519249432
1.8797838840933736
1.8865445159802094
1.8789801895013323
1.8935389184625036
1.8884679564448277
1.8828763756895472
1.8843837825434542
1.8768445951848811
1.8851662161103064
1.87662620506177
1.8838551798165277
1.8873331159812545
1.8754941971846135
1.9053580593792276
1.9066707251991513
1.900613790458228
1.9030227093078573
1.9011000567580023
1.9040514768251715
1.905349409857956
1.896847480166428
1.8869423624601802
1.888152206028176
1.8937977035105353
1.8957355548740893
1.895460609216532
1.8958236944638156
1.893840734775145
1.8959973029257138
1.9052781938911971
1.9016296165572353
1.9019787211783756
1.9027469101429195
1.8725911172266232
1.8807663030532658
1.8846074859655413
1.8758201911732748
1.8784493587818918
1.8835354998618845
1.8746553564190345
1.9039543388192695
1.9012037135383448
1.9054897091967054
1.900372838897318
1.9077976844337208
1.8828321688629301
1.8942505323694079
1.902753729988998
1.905106990019103
1.8913956634106424
1.881590099284893
1.878298179954797
1.8974932649114775
1.8818425093127813
1.8838820725066143
1.897374207968211
1.9030054177387705
1.8974538710689195
1.8930404235753941
1.8939322259212608
1.8874193899020224
1.8985509311995015
1.897824038333497
1.8914040429100272
1.8871175492285173
1.8853034341743602
1.8988839259570098
1.9068224006532692
1.8893891451778841
1.8782503330120675
1.877009245893939
1.8835404786362209
1.8808998421908496
1.875063802947336
1.8780438785694198
1.880436441397191
1.8688966461144356
1.8647213463208465
1.8878578791892497
1.89826197213524
1.8971123765893958
1.8949615391782786
1.8961922669596782
1.9050583807599413
1.893115472522542
1.886286728161576
1.8911606864715724
1.8903574109897607
1.8758596230609221
1.9006559045778344
1.8913965502314807
1.8849600339169865
1.8876692088847906
1.889958904056747
1.8894841156977993
1.9049578770720264
1.8958100607016921
1.8893343300548937
1.8921307913055776
1.8873986952294948
1.8929607422296189
1.8894870832162491
1.8902773066605918
1.8969639604920017
1.8963674492826612
1.895714078650846
1.894546905117158
1.8948741124294226
1.8918997255720056
1.882708963159421
1.8961057283067915
1.8944751452565058
1.8916256711453086
1.8918746864745266
1.8953620467688137
1.88864279976978
1.8911124834607418
1.8933127692901082
1.8927167742476774
1.898966176923591
1.9022727082237867
1.8944358903241365
1.8910122187378093
1.893167748752251
1.8946607358532228
1.8967042773076241
1.8925659227137455
1.8904869208265622
1.8970119300633914
1.8939835471292945
1.8904672115607721
1.8927475027695175
1.8968037319279445
1.8952516477853099
1.897768747902024
1.8960530670480311
1.889107701961376
1.899143759960659
1.8966768861734489
1.8965426904582225
1.8952541252255062
1.8978871364788
1.8995168439633314
1.8964118080147339
1.9033179751271425
1.9024251925605353
1.9073915287726169
1.9011422930936288
1.895819770260546
1.8965740153163053
1.8960435153922066
1.8922610621453146
1.8963133940547119
1.905498629536423
1.900423872622824
1.8977755963665441
1.8999331368377863
1.9007859734064136
1.8860324075322006
1.9019594355540457
1.8889825105458267
1.8855861530128528
1.8886449071737315
1.8966693353696626
1.8973863017304218
1.8925903142162663
1.8977883724501767
1.894477876586509
1.8933251522895491
1.8856117852958914
1.8951388852284192
1.8923298650724842
1.8826409668165054
1.8844506899277336
1.8989808901674912
1.897763186159043
1.8938191097389137
1.8826121330479577
1.8894587082337233
1.9051942259474466
1.8980677754859954
1.8890825320632965
1.8937118896523961
1.9044383110848186
1.8931439503434762
1.8929605478621991
1.8981521736429794
1.8906025236977175
1.8975658171252523
1.886342253984114
1.8978745059412703
1.9072271075794112
1.8849265430600755
1.8806613203361415
1.8922950111467305
1.8902701204222239
1.893614143699591
1.896215960276348
1.8978696399137436
1.8974433856335695
1.9057057300688511
1.9055906385305845
1.8914619837426772
1.88749755727334
1.8930811412031716
1.8939373257930825
1.8922506810191022
1.8989198584986429
1.8952114011588137
1.8816988673214725
1.895153374689062
1.8939587172652588
1.8980260318672952
1.8972185735092169
1.8990954538251565
1.8887972445117318
1.8998045808157804
1.8945164041533105
1.90018457046585
1.8944829152981193
1.9002486916113681
1.8976610160280125
1.9014797904936263
1.8930145225554775
1.8965140240306066
1.8938979354476217
1.8926759904834662
1.892078924768582
1.8911842900851055
1.8955212389286662
1.89711054785871
1.8994036742929852
1.8940175094567044
1.8948140740273496
1.895267121682836
1.8969815524428875
1.8962183620377615
1.895211392198205
1.8961663697640323
1.898513830856861
1.8946397668988166
1.897022437568528
1.8954603859887478
1.89676531206152
1.8967484170147435
1.8926988445806538
1.894452041766983
1.8938065306972853
1.896300424546198
1.8880950074226999
1.8901779863400359
1.8938641433611587
1.8927540281145845
1.8968564801935026
1.8927439822019314
1.896612593583595
1.8978444996428359
1.8937269396922454
1.8917177553346984
1.8958140239054588
1.9016713642907457
1.8931990865141302
1.8897111208436388
1.89130339011582
1.8934103601817929
1.8938063599152217
1.8888485079618305
1.8930616858605391
1.896161603229614
1.9014433649199756
1.8940003439547848
1.9027574313529085
1.8905244415051283
1.8905334518521317
1.8990861482365926
1.9004922391827725
1.8931457555607947
1.8943136057306968
1.8949328456114831
1.8942664748943787
1.901542936401363
1.9015527484202226
1.8997755874094215
1.8982335374471206
1.8936548203466346
1.9028927419377826
1.8932080739168566
1.895322259075096
1.8870697203869984
1.89342880414879
1.8977240892820009
1.8909683222034694
1.9031790066519325
1.902390100975654
1.889307748649267
1.9000456105568515
1.8922452039221522
1.8905896552934958
1.8960055683308235
1.902120657314245
1.9021434771062367
1.8981687680173527
1.8896928671493005
1.8952420915322423
1.8951085120540603
1.8949227292156876
1.8927321322344886
1.8976030857696453
1.8962127217103417
1.8942361597263264
1.8987680929529356
1.8993926282672033
1.8962109268205796
1.8987236244280215
1.8962463907120108
1.9002297462755988
1.8970066362253737
1.8936023182109312
1.8987760578100714
1.8987701993223272
1.9009826318157252
1.8976565731638593
1.8977286105654507
1.8984439892999563
1.9010627744558246
1.891851012408609
1.8972025635979268
1.8928931998831275
1.8945441979736133
1.9017147912110275
1.895561343234814
1.8987883679769106
1.8904421462055714
1.8902344697529347
1.8980893243000128
1.8973418768824857
1.8940367234628483
1.9036964777628247
1.8952961533411483
1.9007480110949888
1.8948826288305205
1.9005674938682007
1.8964368196998787
1.9028592381442013
1.8948936879810327
1.9006318716756363
1.8920026200650355
1.8988744631620849
1.8994464573832008
1.894311646818349
1.8991342883905713
1.8971951534009819
1.894079886199205
1.8977632434700953
1.8916895159332465
1.8951027889305319
1.8931679248988251
1.898523094569812
1.8995428323588743
1.8978730588232466
1.8919222763346408
1.891053122454126
1.9039916950042648
1.8924822918741768
1.8959291451707505
1.899453668416197
1.8921141406257933
1.8918635253812326
1.9013594309419286
1.902479687053748
1.9012555524467676
1.8989406791981855
1.8940985055870612
1.9016743968244545
1.898475637825007
1.899412828119272
1.8945823651131315
1.8946562922634593
1.8977922834688967
1.8949188057214046
1.8946255885277299
1.9002108404235727
1.8971551118662136
1.8978897289821162
1.8972581280294112
1.8995966313130093
1.895683581320751
1.8942707002813208
1.898912713313554
1.901257630959883
1.904872298259606
1.8980421586704128
1.8915261143595508
1.8959365930466352
1.8964989132972128
1.896025999544574
1.9016049121347567
1.9017905910578652
1.9008411628098691
1.9027082816443692
1.8980320951975687
1.895734726685138
1.8994642196728169
1.8992199953958568
1.892761505650129
1.8996539549092453
1.8969161040375597
1.898356751181071
1.8936904104050425
1.8975194946776974
1.8958712738232275
1.9010241577364353
1.8992823996182322
1.9014965251623914
1.899738085358139
1.8983300307406952
1.8940413149469224
1.89493738608488
1.9003326574019073
1.9007522522494276
1.8962485650081102
1.9001661459758294
1.8957090883825707
1.8930803470728408
1.8973328306675847
1.8976616245092277
1.8975823425604652
1.897460676225297
1.897618741189241
1.8990390001631507
1.894973108805144
1.903312467753081
1.8978026760447806
1.8961478447314695
1.9006642258319086
1.8951090238970758
1.8934326171614737
1.9011912594174578
1.8987611177677735
1.8924722464817176
1.895906516178502
1.8969906270405235
1.896454689061909
1.898217562863313
1.8939467515535973
1.8987906950231461
1.8996317157568974
1.899212423764458
1.8936262535666817
1.8852961294544321
1.8958737708543207
1.9044498869795972
1.9010788221484731
1.8994572301201915
1.8939219801589693
1.8943573828903282
1.8916755080167265
1.8940570435917854
1.9003664973047942
1.8940985179184153
1.8947771166928316
1.893898886490529
1.8920484316684933
1.8928114561112264
1.8954690009929915
1.890038425294269
1.9011848897300334
1.8971439914174237
1.8947437844056394
1.8921979392048005
1.8988862278175613
1.891713187989802
1.8969492006546198
1.8984818826911112
1.8927017758093019
1.8955867867485725
1.8920340834656837
1.8971723355375631
1.8922351913610909
1.8996868742312054
1.89624295568882
1.8999064248208781
1.88837894017458
1.8982572068232864
1.899151239854292
1.8967870572445558
1.8945588261281003
1.8934099267772342
1.9030220433161147
1.8970602264460323
1.8922257744280138
1.9017965107148904
1.8951618154385172
1.8902036528428847
1.888499608971579
1.8966570728255439
1.9001275249642318
1.8966332923090619
1.9031773820649975
1.9019966007224107
1.898252610275593
1.906976980361825
1.894045813880158
1.8989788100255258
1.8948062298011221
1.8974521597773149
1.8931791694165865
1.895767772582364
1.9041757696379413
1.8979360139833796
1.8940356754463379
1.8956497581452914
1.900792524493029
1.8951777633730873
1.9008179326817691
1.893726132362598
1.9006972310523316
1.901249402878604
1.9019809604606397
1.8970030849917043
1.8960216610207044
1.899694041222895
1.8946711486221688
1.8964212330139096
1.8915361820481063
1.8866113053753377
1.8995683378007069
1.8923425361497281
1.8903105934486069
1.8971646528400214
1.8949244251738022
1.8964055391352304
1.895031384124357
1.8877166117715172
1.8973547441982728
1.8849250248633656
1.895214522319857
1.8970132430884743
1.8982635414908857
1.8961326668834872
1.8898184509189313
1.89523739093986
1.8948783380181458
1.8994261323322637
1.8944708671490287
1.8885777573224962
1.8957899924849708
1.8922091874356142
1.89650168984658
1.8913557270700125
1.8932940516656998
1.8941872701424656
1.8976682382525294
1.899313857944687
1.8988475104435718
1.896450099930512
1.8959958418657243
1.8952125915061686
1.8942100404245714
1.8984089525859587
1.9050390750140735
1.9032148167243137
1.8967790477456972
1.9005647630031426
1.8934500601264046
1.8968313336143836
1.9013051350121961
1.8973718269614017
1.8988304595340455
1.8967648232673335
1.89908560579049
1.8917574731084932
1.898655377109053
1.8947999973563001
1.8946424106789732
1.8971710712459038
1.9034494595124762
1.9011918406305888
1.8958377195679685
1.894025052198657
1.9050643853380995
1.899736042041217
1.8996108235784166
1.8941963658265966
1.8929269950116048
1.8938821419771956
1.8964862925408574
1.8913118997791754
1.9002075920373498
1.894421927547244
1.898276793317775
1.8913169783025312
1.8997412445395212
1.8978827464169015
1.9016820391272367
1.8922412059209381
1.9007875923990527
1.8953115526355329
1.9009553145279972
1.906711130097156
1.8921653634293107
1.894129733609566
1.8922444844182165
1.8967069430769055
1.8929702121423218
1.889025925916587
1.8949492741362894
1.901229761149332
1.8970639910358518
1.8904868627526195
1.889137274075087
1.8938809967630765
1.899815741632109
1.8933791709269685
1.8970958053259896
1.8983599239268742
1.9007419145470186
1.8981617485221731
1.8933074045599392
1.8956720452009497
1.8971888072042284
1.8992108190738557
1.8932031722289842
1.8979204997448527
1.894324750349257
1.9037784971489753
1.8945164984368437
1.8933538626686217
1.9076634340403889
1.8953115571316934
1.8960265992962229
1.8981561709570576
1.8986294298475646
1.8975415147113057
1.8995801446498666
1.893661450132879
1.8969896773492203
1.9016510337704717
1.8935656482779324
1.8933956855574996
1.895006302364479
1.8925357406248673
1.8892693469650819
1.8970706295049797
1.898459333569205
1.893565554388121
1.8942353457020658
1.8979157284322188
1.9001327689702263
1.8995496037856812
1.8786207587421604
1.9007918572018363
1.884225690511648
1.8980222689074182
1.895105808537485
1.8862524537843544
1.8863409298838323
1.9013609707301509
1.8960593683552462
1.9038075876034788
1.904210841454368
1.8934157766440387
1.8963305137799582
1.9017255663619728
1.897152749030157
1.9017385776690614
1.8949118585963842
1.8827415951638418
1.887231643182691
1.8902069888718582
1.9009481095774219
1.9017119191156582
1.9006761904090406
1.9049007442780537
1.8969905051566684
1.9060144937204642
1.889846856678915
1.8992289684405352
1.8986913423183092
1.9039433354995148
1.8948955834160477
1.8981698466675831
1.8840514122404812
1.9040857714857777
1.8836434053532234
1.8861988173240622
1.8835078451081022
1.8835794527904157
1.888407329824358
1.8941634288844895
1.8976736342439064
1.9013716045523459
1.8945253605360852
1.8980598438291416
1.8990757921076995
1.8966863342417717
1.8873595319318575
1.8824544828255658
1.8994220114697342
1.8958581998537418
1.8866362356898436
1.8895873509413537
1.8893318636527912
1.8908414645916136
1.8988084264405216
1.9043403922956685
1.873584227950263
1.8965473227284142
1.8913577257325864
1.8839321044386363
1.8842854917982808
1.8752539641701242
1.871939530321858
1.8772021564710843
1.8703958866311363
1.868546390903865
1.8959828940267456
1.9060905181863128
1.9030266794969222
1.9065634055408271
1.9041346958173944
1.876190828035379
1.8968173183360495
1.8983872545842455
1.9066453831376318
1.8958761461654523
1.898084175537279
1.8978651882282633
1.9005303331268903
1.8961609544584912
1.903413896023388
1.8965508836401064
1.8964591235375463
1.8884150310338081
1.8909748491558591
1.8961431350476274
1.8970612741862345
1.8916549114412975
1.8839575630130188
1.8885239367119342
1.8882333050461453
1.8941351034039529
1.8978314374633432
1.8948879010216024
1.899015660047153
1.8987282737676092
1.898069481890394
1.8976610171822097
1.897733469921095
1.8962535728793044
1.8960543083781773
1.8906595524363616
1.899916114351082
1.883274451733997
1.8799839183924607
1.8834201023903465
1.8886897540272214
1.8945625696797501
1.8951169576802973
1.8910954860503917
1.8860575505129158
1.8865130912496932
1.8885889216594027
1.8937707812339246
1.8863754414488505
1.9017617018533723
1.8870964952969096
1.8887045453202709
1.8961587094592174
1.8866163031854712
1.885364473625582
1.8841195470995604
1.8998339307609482
1.8923578900706424
1.875714394987428
1.8822279755418858
1.8895259645086422
1.898332198393767
1.8922204543654975
1.8975746947964567
1.9060353809152446
1.8975130762657377
1.903396764696385
1.8914768401009416
1.8923145723137664
1.8995851691405696
1.8971638968618536
1.9050042659845534
1.8872738170203625
1.8971495885101695
1.8943229022045864
1.8826508708097103
1.897557818965766
1.8933727468277173
1.8983263814096054
1.9027798063361654
1.89598014535448
1.900326200220383
1.905187848375915
1.9023739933419856
1.8862936964204513
1.8933904056277704
1.876216771770526
1.8991530099023892
1.8917935239910448
1.9014299410982745
1.8965290172751483
1.9012778963360555
1.907409811092078
1.9012872083015147
1.8950305326900616
1.903295783531645
1.8922122724458166
1.898348768558489
1.8871036226506774
1.90243760259388
1.9035239641664845
1.901256972811444
1.8959761334036467
1.8982624199086378
1.8968255446916036
1.9000030997572954
1.8937594577281212
1.8963197417772906
1.8958393763292816
1.8978830023218205
1.8988044866867968
1.8996476513413807
1.9080496146899766
1.8794682608605817
1.89264389634226
1.8963277575379058
1.897841259418481
