1.359610373389596
1.36901973099595
1.359525431533631
1.3623901759988126
1.377155843943245
1.3700706161392109
1.3659544889687276
1.375640147551523
1.3691384617243114
1.3616723102319288
1.3721680558431884
1.3690065566341014
1.3645019177703708
1.3639128603870811
1.371444475430883
1.362567015450637
1.3755935209251937
1.3753604397382189
1.3671784550797177
1.3746856156588938
1.3749930389830873
1.3600522939168256
1.3680535561260436
1.3709670728893368
1.3706571143202242
1.3702843704841121
1.3656170369593221
1.3715797455632872
1.3719954965632062
1.3736669050381898
1.3662787286223228
1.3692585084282165
1.3761527444305963
1.3582378503078387
1.3667481921153846
1.3620438223920726
1.377870058214477
1.370441229981397
1.3780225887789626
1.3729010062935603
1.3685951044848754
1.372545546853368
1.3683462408257954
1.3696479237270944
1.3658982284622971
1.3537390774701086
1.3763321334726704
1.382204784778306
1.3650060319803168
1.3671366488168866
1.3629675434555308
1.353631024227695
1.3626589382842549
1.3909612142311911
1.3709658898183965
1.3675834997510379
1.3710217420288784
1.3644269499383546
1.370168630641987
1.3685993635468405
1.3823212558492515
1.3936822715491137
1.3664826919673085
1.3912543884524324
1.3666286332753779
1.3657706206931077
1.3736641203640203
1.3728701076657106
1.381395110860492
1.3730135803909391
1.3705500911223927
1.362693340434411
1.358333603036638
1.3825871084054828
1.3779486917885326
1.3644614315052308
1.3694603716263984
1.3676361958639685
1.365208569772734
1.3641702502637718
1.3678892919410839
1.379257170078429
1.37681907225068
1.3718880980045767
1.3633052227933922
1.3715459119289284
1.3761786551551705
1.372994720540207
1.3521295093638555
1.3673998141269277
1.3639414415121665
1.3865463211709053
1.369202544396969
1.3710381190913197
1.3849414803769844
1.3859060570585027
1.3740465131973827
1.3868958224543537
1.3634757044932917
1.3960726322897512
1.3550814766110542
1.3749200367393264
1.369361600812393
1.3621804724552438
1.3914187493805736
1.3719410677791095
1.3741896368587272
1.3636292436507655
1.3653140690376657
1.3841991379941192
1.3578116728596212
1.3516037000842274
1.3876123327181706
1.3795327279718148
1.3784715234629212
1.3724134500976914
1.3735238980697808
1.3780377616881485
1.3769389605669144
1.376915709483808
1.373871778874319
1.3849491647384446
1.3687279728853767
1.3714048785679664
1.383971688825268
1.359830392433509
1.3603008572867121
1.3666436543884661
1.3598778770475262
1.3756648781541447
1.3876992246449364
1.3894466087841075
1.3624016993031334
1.3711015866069283
1.3656221008329303
1.3770529970241103
1.3793438378137737
1.3888603193978495
1.3807161602011446
1.3751453290369255
1.3755984099788567
1.3904945985380326
1.3900700363993141
1.3668926696540031
1.3518711602795552
1.3828495641553176
1.36156173221602
1.3912170521308973
1.387990123685143
1.3700014995832763
1.383606636831689
1.3720916109374046
1.3517344373180014
1.3634839327529673
1.3629181656713802
1.3773808601916255
1.369747314140649
1.3706210361203668
1.3936981833962807
1.372844587836925
1.3684705108318325
1.3646564803711605
1.3598373285550354
1.3707449464119172
1.3726971685540055
1.3694989458381177
1.3728078201755183
1.3768783319769464
1.3645255629134105
1.3594240833584725
1.364459060643032
1.3655049770256455
1.3640213200282616
1.3635462714910485
1.3640807193074307
1.3627791471605837
1.3795251617497288
1.3692028757879884
1.3579706034040144
1.3926208826502544
1.3857892420848517
1.3718259628847478
1.3920655992686883
1.3713529880090434
1.3845442854083692
1.3879028441351153
1.3691483882182842
1.3562408639792773
1.3916862136826391
1.375105960725849
1.3629065103144506
1.36712393178821
1.3541416411062273
1.3823379377043117
1.3652307876631053
1.3706193776564801
1.3682498735926698
1.3908468307228672
1.3572014725822314
1.3717534310490167
1.3910327014963122
1.3751929818510418
1.37353376687967
1.3935143177847569
1.3809976438523959
1.3654175586204582
1.3646544681709822
1.3686097556418573
1.39535543742707
1.3670807311808322
1.368727234914667
1.3718693822139478
1.369241648447206
1.3628335011229469
1.3745522121943123
1.3731135094415428
1.388825394781922
1.3601379511220981
1.3667306897026679
1.3715066572084647
1.3711330720003954
1.369187985323137
1.375001711832618
1.3551318144185935
1.3577823732884342
1.3890099899894164
1.364658920116242
1.355541578921621
1.394241263782221
1.364896918135675
1.373120650202091
1.3676329297429057
1.367139044329076
1.3598899842179273
1.3643292206628712
1.3642412232835353
1.3567573853929156
1.3921186091337894
1.35922908618085
1.3617757389550207
1.3673453658457766
1.3705155493435497
1.3755336331111492
1.3790486238962916
1.3884688012605877
1.3659784752195216
1.3486264225935196
1.3835483519909715
1.3848226830350103
1.3650445487068517
2.4186242376131633
2.4145422014817206
2.4138212897569424
2.413794151608332
2.4095257358063904
2.4027367229272465
2.423419534356478
2.408417650090433
2.4115442685785484
2.4111410098752595
2.4121236900912097
2.4168591438500564
2.4164910460509503
2.4080291519924666
2.4109777180475302
2.4117031311310466
2.4172283168363324
2.4163847655105988
2.4187870035912025
2.411634484168369
2.4118847231333986
2.4149313009685134
2.4115162997972175
2.4108419932560543
2.407675015424344
2.4139888445330935
2.4129889138305924
2.4127383978103554
2.417958118186375
2.409216557989355
2.4120294696716633
2.4226727160581
2.4105691921009695
2.4084549404865268
2.413216410817229
2.4073466512544948
2.4101511964971354
2.4137556096328674
2.4101866795119666
2.4130066994170702
2.4131569267922943
2.4039268950355144
2.4195555077416326
2.413645811154642
2.413509941839845
2.4152254410813856
2.4152207115448516
2.4122788076282524
2.412331162314005
2.4242443745178757
2.4120278040406506
2.4110151159426976
2.4076527625629085
2.408219720631613
2.4053956466946333
2.416904476268748
2.416215716918373
2.4098331760247644
2.400304156017151
2.412858873177244
2.412567144538387
2.4149442084686528
2.407542752524957
2.411260303806746
2.412802643203023
2.4209329626713907
2.4098741841724807
2.412793433432648
2.411474552666438
2.412247968320508
2.414344452440071
2.409789078972393
2.4053031446794546
2.416020630101752
2.4175216448519774
2.415089616958599
2.413667314324327
2.4198078442774675
2.411652881107106
2.414146220079977
2.4138318844220685
2.4105049695950176
2.40765443797318
2.4086780447165848
2.400293666877839
2.406767398495881
2.4103537990123365
2.4089407335966855
2.4086345977781307
2.4114686814465394
2.418643391629745
2.4054273913647
2.4097694965023453
2.4119624124461474
2.414394518134869
2.421961866920131
2.4065825774174177
2.415571781942427
2.4186324463832194
2.4099307568719674
2.415854373094821
2.4134951060391097
2.416337830179652
2.4168723463825756
2.416685681897541
2.4122052318785143
2.414734448928331
2.407898768518284
2.419055039558134
2.418725837609546
2.4094409845200184
2.410014433748072
2.414593491191124
2.4172054167265267
2.4107060736806507
2.4122374058735496
2.4085220380305405
2.4107776834717436
2.412115717990613
2.4134391747979786
2.4086351692577725
2.404994309128549
2.4159341319867957
2.4150230812874898
2.4194682886535266
2.4133231146785015
2.4185246717205118
2.4223267234997765
2.417717661140347
2.415534641320311
2.415074241122716
2.4131533623533636
2.4136686492906443
2.4120210148091092
2.405970386770972
2.4146854486043705
2.4081375551553337
2.413714887974882
2.4139573136294015
2.4154488836236085
2.416504638612037
2.4163285905082907
2.4129592382070624
2.4175609988703743
2.4249097958153323
2.418977646468743
2.408504779738878
2.4191193087674576
2.41623093274907
2.407294099804021
2.4111167198197196
2.4134716366895956
2.419491714264392
2.422791250482194
2.4179866306480067
2.407599818387223
2.4168126913860357
2.4112521458188274
2.4060004427667887
2.4079150114607417
2.406809840999933
2.411876853828703
2.4084526180603785
2.4138668602902333
2.4091166972483
2.4075076877513952
2.412131187922403
2.419763757469976
2.422345516857194
2.4142046545275653
2.4162440153334477
2.4072985249274663
2.416915131272478
2.4127725216758544
2.4202676767654667
2.4224109618307508
2.414279308759918
2.4141596700196777
2.4113789474717167
2.421883631072688
2.41725347177112
2.4199084108895947
2.413003590811356
2.4141967870561785
2.417946175485525
2.421233586609034
2.4199404612250253
2.418296936893066
2.411574376532406
2.411405895539846
2.408561396848532
2.405490150252153
2.412527909532301
2.420856303273977
2.4155189829721615
2.4048926500816727
2.4167924603708935
2.415370433755653
2.4208252126450316
2.4118341193564423
2.418418329943965
2.4168468393449176
2.4097618947592716
2.412157357464023
2.4246487460053197
2.4209745153476034
2.4083769403374546
2.405467022596767
2.4220304747352532
2.4147346090954587
2.406704658579785
2.407628194753602
2.4183608804912557
2.411224043189189
2.4130931523179147
2.416734466563024
2.409719350415728
2.406825911288359
2.41900018658316
2.4181913170421256
2.4297367174643076
2.4159413216204686
2.407074839382723
2.4145812410056284
2.415446754463447
2.405400689314122
2.4184682616172855
2.416895057425463
2.408939347254403
2.412109040320552
2.402280847334652
2.403103840878383
2.425926584613418
2.41047389020371
2.4103954679832533
2.4117353505737924
2.4208342606216298
2.4155040482282994
2.4185997875737977
2.421043994234336
2.4186504346220894
2.427325496539148
2.4191480334534017
2.411117832649468
2.4061343587644717
2.4111089471245966
2.4003536941571166
2.409800110483088
2.4194134180596993
2.4093457258680098
2.418188834172162
2.417771130733765
2.408040319774219
2.405252668102665
2.410246849414447
2.4133195319844627
2.4112368909280706
2.4135960955148565
2.4180594142960996
2.415544175474799
2.41625485022649
2.4263977484240224
2.4191192392089937
2.4176076978953636
2.419620442848839
2.41176927456186
2.4156056171141156
2.4214548249709584
2.4252817377726585
2.4101169048941826
2.4100371050537803
2.4082858723064486
2.419273385091407
2.4219165518391352
2.414230772690678
2.420332963625011
2.4166151487043943
2.421490118985306
2.4241795800062413
2.424164391372139
2.4077108482949017
2.4100399453057366
2.4150866277058807
2.4225225351067854
2.4213381808538905
2.4161342329442346
2.4270098587945776
2.4213864436043893
2.4127976172190477
2.4245750477127137
2.4165573795173296
2.4088232252466764
2.4131817326200578
2.4146955665063072
2.424608037289157
2.418793555721427
2.4211924588619853
2.4222593378897095
2.422843743610326
2.4232304148970747
2.4251729372238415
2.4098290696831337
2.42826446661341
2.423540656452168
2.408981330578884
2.419043968071406
2.415147698676586
2.4154017099951535
2.414719988178725
2.4034154428732664
2.4089719766200104
2.404966763285814
2.4139846389286053
2.406302828899121
2.4065979288855592
2.409948567312626
2.413054926797927
2.4204912314013978
2.4189563920016117
2.412215809615238
2.4142483592668094
2.4146690847087573
2.415904375476773
2.4110855667049123
2.3931389534840033
2.411746624971952
2.4075995373295678
2.4230406048104607
2.4156069545415084
2.4149833626692496
2.408436769977056
2.4181485744514313
2.414180950705971
2.4155979001501664
2.406864625666877
2.4125392334292717
2.415180934204732
2.4117813578723837
2.414552214963883
2.412647613840272
2.4191147698615647
2.4062161996348017
2.406963091440695
2.4145192751565303
2.4171094791414847
2.4077830261395516
2.409464785130665
2.4078482246649844
2.4070010981516803
2.4153091144693595
2.4154369536765303
2.411457002327617
2.4122373644421904
2.414252534269461
2.4128815199545084
2.4173454219940855
2.415146372410998
2.412057108755077
2.4070042697572664
2.41211368256703
2.4143764815659705
2.401880086881604
2.4160128116104898
2.4117067963582834
2.4074996071971038
2.403799171168007
2.4135078358040603
2.4119838750603564
2.4146058193725373
2.3985489982814907
2.409604090936524
2.406479180540955
2.4074985375587246
2.4041914469984227
2.404937291998647
2.402119572823803
2.403290549966911
2.3993084361852692
2.405795583131587
2.404325241468663
2.4013455598080693
2.409467554382912
2.407376819255969
2.408647982468807
2.4147691141125684
2.4189745778065297
2.420133034573401
2.4067158411988716
2.4085138701398923
2.4021353146890347
2.409726457054329
2.40892506110268
2.41336699860532
2.401113023863872
2.40524668823587
2.416046540653516
2.416001187330841
2.4124079747074263
2.404541480395824
2.407737521125698
2.4142490433743204
2.4096618235124927
2.4157510148323253
2.4143043203910097
2.4048105697044906
2.409106266714572
2.4094975908859375
2.4176946314060204
2.4184150194186116
2.4199217003403635
2.404950178097826
2.421555854375145
2.41678118725299
2.4087740118504444
2.4131374827064764
2.4125689106295556
2.4089151043621415
2.403557560737866
2.3972139935263974
2.4135035611927864
2.4179930651631065
2.412898171957077
2.4086873102247246
2.4094523685408187
2.410659631638021
2.39912541842195
2.403639070320641
2.4127654210712466
2.405227134767343
2.4148156848175066
2.4033616278650776
2.4100419300526132
2.4171078130982977
2.4114300594382643
2.4097448101330907
2.4115243929655055
2.405300192767187
2.4162504746741584
2.401199316031336
2.4178239215040342
2.4036110745783095
2.4177255237434916
2.4168595328423232
2.410140034749633
2.402936389970809
2.3972964685502753
2.4108003935514493
2.3968201227980717
2.4002637741249746
2.4044030567592873
2.4031418041825323
2.409203883523002
2.3997643044636146
2.404170356518671
2.4097073645992992
2.4008463503770936
2.4108496052626647
2.4059809222192525
2.416837692272356
2.3938035133496918
2.4078071168121085
2.403331004951986
2.4045256539490785
2.413581217214001
2.406403841141192
2.4269702021165647
2.4073702778786963
2.4224447340815987
2.4156797713558125
2.4107305522176943
2.4042120281486863
2.4130163292727183
2.410122055888407
2.4119157537246156
2.4062501055573056
2.407147965983443
2.408539628311357
2.4039025176812387
2.4143846397751125
2.4096230930464317
2.4136301334383385
2.410449915613132
2.4124891442141916
2.413171834606507
2.3956309727568477
2.4051738347124636
2.415025907692907
2.409609263080214
2.409762193529554
2.4034265870227705
2.418026049419692
2.409627989775469
2.410110100997915
2.419686205680088
2.417288523220004
2.4149185764754013
2.418536900019135
2.418799626877325
2.420341619031509
2.422649225054984
2.4086112808152556
2.41041568254091
2.412500546790676
2.4100301120850105
2.4101333132979423
2.406105889057039
2.4048613742786507
2.4130399032534244
2.4126831698345734
2.4071516212087554
2.405839713460187
2.4056046289947988
2.402530376033285
2.398191210271957
2.4089103631692073
2.4096368092934353
2.4197159942315576
2.402913310391943
2.4124769706362468
2.398866651532777
2.408033362970575
2.406605958571711
2.4056627079836668
2.404630525400892
2.4083709535412314
2.418676835188984
2.4062451841615555
2.4100770175127244
2.4068728408374986
2.4117216674379125
2.4023904851848084
2.4067519736815393
2.4076891630459585
2.4152023841927566
2.4081024710820813
2.422904828319926
2.417298034265693
2.408489596509498
2.4099312232960393
2.4103858195911605
2.4235224625453586
2.4096015151697934
2.411369378329584
2.4141842223305123
2.4196296251778944
2.407682429940978
2.407992531157038
2.4073938332222506
2.406689460695655
2.3989135802007704
2.413430404612486
2.4129558076753916
2.4124765437467732
2.4079381284064114
2.4002200667225733
2.41345938095325
2.4175244381211694
2.4156174440626526
2.412666991110867
2.4161928193824127
2.4085882588889365
2.3955799612257795
2.410299460929809
2.4160517577267484
2.414544392441818
2.4095296079311037
2.4007044516325244
2.401344988413376
2.409181762589441
2.402916398188046
2.4027397994643853
2.4005921081843096
2.406708505346737
2.4072106254443213
2.413558212959563
2.4122483980392913
2.4015356620761805
2.4092926843370943
2.4066585371268703
2.4160241634898787
2.4118107339465142
2.407932538835819
2.4183646512126082
2.415260119966382
2.4109808636622185
2.423218715649508
2.4214366613669105
2.4201182129120244
2.4133119396394944
2.4109443632172285
2.4043375018468183
2.412473215212785
2.4160305074674406
2.418999261519784
2.4117137092889607
2.4190456947348005
2.4132284008586233
2.4231916639258317
2.4160905768021634
2.416584247635166
2.4223386778732485
2.4205133444853995
2.416005805027094
2.413801527236898
2.4163576462001917
2.4106822851040635
2.4125750271897672
2.412013265940578
2.403341192743756
2.401042631014848
2.4042937669792748
2.407792781856754
2.4149468620155177
2.4122064516666244
2.4074859751146778
2.4049824037967897
2.3996775241824007
2.405857598254175
2.402479000583734
2.4072910152939455
2.403438942922874
2.4094098542842497
2.398353771983208
2.41028724736003
2.403994714611733
2.4097556167485017
2.4156327283535752
2.4065043616519968
2.396440825768484
2.3969669819193213
2.3916729085090402
2.3981616355077886
2.4169239457775835
2.4055827298372963
2.4060009666288127
2.405270861117867
2.4150522022136793
2.412841124210176
2.404103606325221
2.398237655753572
2.4196537956433275
2.4234279116437767
2.4238226428135503
2.4126305029020063
2.420465750122874
2.4111106155746542
2.4080886648655024
2.420454652293625
2.4080692267238004
2.408958005269259
2.41187394489253
2.414818180232817
2.4204099491842515
2.4167983695644715
2.4197504053757477
2.4046600590032514
2.410015014307542
2.3903999071592126
2.4033564804472647
2.4051794666988378
2.4097577155891967
2.3984133961399903
2.4070073771637883
2.4054444552540946
2.397307352368768
2.4032432947514306
2.4145317583201487
2.419535166347835
2.41479026544438
2.4088696082224685
2.412156302806104
2.4194453682376578
2.4195554927212823
2.420328434395201
2.4291654133950997
2.4019331232267094
2.420867169381409
2.4008866617393423
2.419575379902554
2.405428243350587
2.4085160649242296
2.4166986491843914
2.4104582224399684
2.4134306091789104
2.4179381950010654
2.4208493599792402
2.407120211143688
2.4059089960230464
2.410184138441309
2.4200414476419003
2.4047238229643426
2.41355392553688
2.4127534416376437
2.4104685671371002
2.407776018535421
2.418391413550829
2.416339785697239
2.410206849536163
2.4138817354078568
2.4144620828929284
2.4071283876315483
2.4123324237489596
2.4057325980468653
2.4180529108212543
2.401643124174286
2.4093033944641005
2.404515428404834
2.3993248362181068
2.4046034897240145
2.398482660676052
2.405845662426491
2.3995149945023573
2.4007466283560497
2.403478938086439
2.41043701455178
2.400787078067543
2.401162989232915
2.4085565192572886
2.410428246464712
2.4143106771963905
2.4080046785947475
2.40866954317706
2.410976790555398
2.4094630886608788
2.399839402724405
2.404161176096038
2.4148138275039295
2.4078405398915725
2.4064037297525305
2.41556135026623
2.4140906229856456
2.405934035364381
2.412055589789097
2.4078155841108417
2.4166535529876536
2.417361732070275
2.416589181820731
2.41388130726674
2.418287966046384
2.4126598849118563
2.406084324402653
2.415854463505035
2.413911195212649
2.405792937102152
2.4045263590207733
2.4113958695098576
2.4035561251333717
2.418245008934027
2.41354169670317
2.4146030982509474
2.408579823467979
2.410686354230744
2.439330807860012
2.4406446705994895
2.4363315843023945
2.4291768418745026
2.4336776089990835
2.424622962072584
2.4297495085062115
2.435293032402994
2.426099407512135
2.431396672987965
2.4375586825106583
2.412818180278991
2.406209781637762
2.4050969785278586
2.4075748105434833
2.4223811928069567
2.4213134132647816
2.4215793658098455
2.414521351258746
2.4163671587132023
2.410606037876346
2.418153545320121
2.408922001580238
2.4182940016619736
2.4231713325360094
2.4149832304329824
2.417067499699351
2.416337752080907
2.4130610828662986
2.4171587943473694
2.4140391691153438
2.419506928413637
2.4117323465067413
2.4063078074909563
2.4070245133415433
2.414728356452486
2.404881233996676
2.414125024729695
2.4120598460547513
2.41435238038528
2.4186907168485456
2.4243721504649898
2.4116099995201337
2.4120622861255017
2.411830604635801
2.4117257781942385
2.4164814927427813
2.4098638902058283
2.4125133933820617
2.4138556357997527
2.408916693177275
2.4219427677844774
2.4112137258480106
2.4047310769907306
2.4131506681708736
2.4151736501992653
2.416833647581102
2.4075757462642327
2.4152422360032118
2.4014875991020186
2.409908196865986
2.403224833296719
2.400500670802925
2.4186791302266135
2.411598971471398
2.407561254761261
2.403981077729867
2.3968529744657423
2.4005527822780546
2.403662353200559
2.4065693445469902
2.3979870997029553
2.3932982291703886
2.3957413454352143
2.4006123264786434
2.3946987549366994
2.4008787385265324
2.423561166609296
2.410965663138941
2.419127574156552
2.409136502707103
2.4266594912613892
2.424072145816617
2.409155568135553
2.4161030168901836
2.408839643315151
2.4042745907436847
2.4043125307889492
2.410413121940453
2.422664195225807
2.4053049850418144
2.4014594384394057
2.413669392415703
2.4175617370652462
2.417010789455579
2.4189175149755937
2.3988957738811267
2.4200636644322824
2.4213590639642897
2.4052624904440445
2.4104887459135185
2.4126610618354984
2.41331213549903
2.4148930607715737
2.4159282866555887
2.4189573505244653
2.4098224340972862
2.4051392304483845
2.412212860010222
2.412481742618856
2.4081129154972483
2.4092738517498815
2.406227250402442
2.409160837471384
2.4065316002133232
2.403721462518962
2.4127831745398005
2.4073945076723495
2.40509867199489
2.4129730462429837
2.4103546305489947
2.4153934906316303
2.405584760106102
2.4014029922839604
2.4074129836297713
2.4055268532841576
2.4094598718597817
2.4132329821796534
2.4082556546813834
2.4083884493286094
2.407424098390628
2.415153579421603
2.405862981685517
2.413018943835096
2.4106674853341534
2.414585679290167
2.40873108702325
2.4156624215304694
2.405434875433386
2.409251558641242
2.4149910424339547
2.4180081528375763
2.419578888335283
2.4081111466406977
2.4051976769621537
2.4132865028635933
2.4037997978182974
2.4104726743603684
2.4152708017297146
2.4126800438624607
2.4175194337488746
2.40606872772557
2.418663414164252
2.403440633141738
2.4175369481983324
2.41704150898082
2.4116401225697817
2.4128047406183244
2.417067117356944
2.420291143439921
2.416785578984827
2.413326928783569
2.4160964233319118
2.4128305939328514
2.4034217177468835
2.4144879871294025
2.4093791812385787
2.4115524618788426
2.4086355729697155
2.4079784763564995
2.4164943624653303
2.40909759677238
2.402096299338884
2.406999975773269
2.416650634437809
2.419343342006035
2.4070505669915443
2.4174615685796286
2.4098345998591726
2.3988245338926797
2.4128748317255244
2.419438031063811
2.4172924717769435
2.4102181220070706
2.410467526251039
2.41180170389283
2.4092197297759697
2.425241781685731
2.4170506626348165
2.41244446020391
2.416193028273696
2.415012565875369
2.4167080726804158
2.4213315934512933
2.42448358493958
2.416492528005554
2.4044095515834005
2.413619630090214
2.4156199516108283
2.411078026084518
2.4157589638573733
2.413260596091551
2.427785937422217
2.415548999616025
2.4087234304955145
2.4181051676082417
2.4179658253436442
2.421641032709137
2.416177774322227
2.4132058712101854
2.413191367671321
2.4118389282966826
2.4068320620810777
2.4125091977258157
2.4060692839130566
2.4089670826204905
2.408603729155413
2.404776272877213
2.408909942410773
2.3937315256029192
2.4035455601918003
2.413566160363522
2.404921160063571
2.4142110155320866
2.4066628955913414
2.4127885468643395
2.411586478203493
2.4073135518273654
2.406343533038826
2.413279611634667
2.4111666498056414
2.4109336630019653
2.414772633061823
2.410973423507672
2.4099448554373266
2.4157023478111372
2.4113238162210395
2.410799130292943
2.409834684630943
2.417694771306107
2.412882406926795
2.4174679481000427
2.4169476013844453
2.410540148005786
2.416034871535514
2.409263949625546
2.4141392801273662
2.4094758050752967
2.412559460007316
2.4116085335216817
2.4126699581725206
2.418412196846307
2.41306156953511
2.411908628775175
2.4150158678385676
2.4113217647844802
2.420511823488805
2.4198055612405964
2.4239307915724106
2.4155235168037206
2.4168650422935154
2.421184986523452
2.4194969253779304
2.4128657041912125
2.423201845164414
2.4127098367087894
2.4150306407636823
2.408383117077278
2.409144281373476
2.4120638025436296
2.414392738191574
2.418553063000933
2.4166442823146213
2.415069786363134
2.426682441499533
2.4198944603000023
2.398895981393071
2.4140510975328877
2.4058074442307738
2.409848996961506
2.414999768305373
2.4115356027627364
2.4014017094446443
2.4176991497286493
2.413449186538983
2.411975488739436
2.4123464290145815
2.414439516959784
2.4141167385324915
2.4098785392772544
2.4143239480036436
2.411051479630878
2.4421385993497235
2.439309743422622
2.4120747324965315
2.4101985347269195
2.413193469871285
2.414318936854888
2.4236393950586073
2.410353875337263
2.4165233549984615
2.4178399730473656
2.412347965811241
2.435066005884282
2.406523512938534
2.406770739018048
2.3995571382141687
2.4099086635636384
2.4035837766509376
2.4058840992964172
2.4078389978402908
2.397669113630636
2.4051571044899718
2.414333731416742
2.403205086211511
2.4130584930895953
2.409120528767815
2.4136524478213146
2.4055737356587494
2.4008385322913224
2.4096070750031866
2.416218814559028
2.408137400977561
2.4089079053072884
2.4100983377512146
2.4004963616790436
2.4120211198584327
2.405604609468927
2.4036587333263233
2.404095498419958
2.402560309802089
2.413753865299849
2.406393671475358
2.4102804951653893
2.39222359592849
2.4059430500331866
2.4085361116227726
2.4068725394008
2.4103839707598866
2.4058813934830336
2.40989040034968
2.404665123165545
2.4063861393196198
2.4042663865848155
2.4039634480021213
2.4185525150026757
2.411718036743758
2.409836574039814
2.400548535862022
2.405905881152262
2.4084609822700394
2.412726027618682
2.405302637221865
2.4158553775756593
2.404524386946858
2.406246874180884
2.418115740162498
2.4105329142617316
2.4061420694988445
2.415893299734348
2.4104324783351645
2.411695834141401
2.4077684935339034
2.409172668045197
2.4110409013968304
2.4114078182985628
2.414194944593374
2.4145015730802823
2.4109783125909447
2.4073551103830075
2.410332885894926
2.40826464831495
2.4273599277716644
2.3984452381540073
2.3958086296634566
2.3966768515388632
2.404121996804459
2.3963023288306347
2.4125567717218024
2.4185534316856137
2.4286761834027897
2.419543240196291
2.418078886745682
2.4105506453257917
2.416676161137793
2.414339011473239
2.4239784324791827
2.413768776634713
2.4095587416089366
2.4036414129434167
2.407468151452748
2.4088638580452693
2.4131296736579495
2.409140023133657
2.414867378273428
2.411031282598594
2.4137797282718956
2.4161886923617093
2.4145174598178065
2.416849099511501
2.421301069675427
2.420298997078106
2.4122551027212187
2.4155439495350066
2.420121228766235
2.4108101324067874
2.4147137769802858
2.4192394250651574
2.4124615920794032
2.4127238327295815
2.4130574340395246
2.4140864852076107
2.4149933715132375
2.4227576177312535
2.4140724891620287
2.4155138442730406
2.4218592268264487
2.420218419556663
2.41241856802341
2.4189328564928356
2.4102847298977474
2.412017349256989
2.4142834181377633
2.4137684255284815
2.413015671875684
2.404577922183379
2.412506446939911
2.422824898153057
2.4127077633387253
2.4182885282166655
2.404899336912311
2.411603513398784
2.418845385856294
2.4197870853559467
2.4134949393287632
2.4154490693982513
2.419650766539694
2.4171632381171584
2.418235654683495
2.422331654844357
2.4184358061526705
2.4112585431747107
2.413662671676392
2.413574985294512
2.423327816577854
2.4070176525823093
2.412635470131894
2.4211933655687004
2.425310742884254
2.4204693706700833
2.4229191160678734
2.428908104525335
2.4205474391556776
2.42088128944643
2.4213117187635813
2.426822901922593
2.4224510868991866
2.4186609630999674
2.4166643346670065
2.4044041493800674
2.4063826701051565
2.416442858543965
2.420310512520805
2.4131639262981888
2.4193623023335755
2.4160557027658283
2.4092955108330494
2.4134820038388107
2.4070944983013125
2.412940518897167
2.4218070196140915
2.4147620092970645
2.407952902047409
2.413130098015734
2.40629963159299
2.4223221650543656
2.4248838681232927
2.409171300035218
2.4115067046827607
2.415897873296268
2.408827504167624
2.4170209502679274
2.4165897230582236
2.4113198942759886
2.4032316514585523
2.4212781260427545
2.4163890328793713
2.417555698785005
2.4097317984119426
2.4130836898595223
2.416992894883073
2.41984776532455
2.442504038609679
2.4118940886520934
2.4061024435107687
2.4109193160005633
2.417297272166739
2.4134729149407783
2.4140089599027523
2.4060780438709255
2.410315838288798
2.4189828942612093
2.414694710592896
2.417949973697283
2.4133315789193373
2.4176962564181594
2.4137438668774727
2.409275204409173
2.413864429989654
2.421237109018926
2.4039749654406726
2.412167125743188
2.416551398267751
2.418370040152071
2.4106959203309644
2.4061972153695907
2.4018757459444973
2.4033077892435184
2.411257284654293
2.4125343782948305
2.4053377175106894
2.4177815357717205
2.404373850208103
2.402567630454179
2.4094321431764647
2.4078176582384874
2.4059932258405587
2.411636017680408
2.4148314277057863
2.4099286320727265
2.408585162713508
2.420099428446672
2.406617642513905
2.4055837374604474
2.4194512893785705
2.409931436874928
2.4116318735501925
2.4153704729448893
2.415575823195801
2.4052009721760332
2.4128592659525054
2.403133260839427
2.4086758517699405
2.407256386034683
2.4097150018496394
2.395696324743377
2.4107406072927153
2.41596045210267
2.41776059174904
2.409233001181749
2.4191448601003587
2.4183604670987697
2.4157227418682603
2.4136014563636206
2.4066437151825784
2.4149536915335577
2.4152957861222752
2.4116137495420595
2.407500619307534
2.4202348920230445
2.414626887581399
2.4234284228811025
2.4103128104964147
2.40105825039045
2.4157325656188013
2.411566508058222
2.415298941962218
2.4220018609345475
2.4149102330970282
2.424984729695836
2.417862539912493
2.4052850004153954
2.41718562740818
2.41875295854081
2.415041893515291
2.4142260789934036
2.416214057465468
2.416971075180118
2.4105333556948034
2.4236711799028594
2.408402230598839
2.414873237690847
2.4162496883675857
2.4114527457534445
2.421232578362036
2.4120499606176145
2.422438150119529
2.4173489491834115
2.415589149912665
2.417795112855841
2.4198458397078695
2.404423568618714
2.412460090855646
2.409159726763479
2.416617086476593
2.4114198569955714
2.415691137122899
2.395785967268025
2.417280521296849
2.412757041103116
2.4042437895549367
2.40514543758136
2.4043963151930234
2.409445675156677
2.399606061235264
2.4115621708490416
2.4079964373507097
2.40634060480544
2.412654864192572
2.3984238626221046
2.4068036504906822
2.4161678552044097
2.4140449466037266
2.4095796040426682
2.4224732834542744
2.4215032072508063
2.41531840580598
2.4160430123211345
2.4092665566662963
2.4068061795582207
2.411650215379321
2.4162977394097833
2.4114973390732284
2.4196876111574905
2.40508475486089
2.413572547327765
2.4235718769818018
2.412748371105565
2.4176097172863735
2.417333258837046
2.417905916140961
2.4145365817660696
2.4120533641656823
2.411441599911708
2.4116582528505788
2.4223380505876504
2.4130141228332818
2.412337669052446
2.420940241204691
2.412057752457174
2.40625279045143
2.416371732649591
2.417319943761603
2.412491195749628
2.4061718730951496
2.408078624570675
2.411482944230858
2.405301533036553
2.4164732619329645
2.404175051029878
2.408395954802203
2.406705404994295
2.409659324304349
2.4150987512267355
2.4091140834661533
2.4062520563347323
2.414074253237652
2.4092372933204755
2.420269381921478
2.4171543856702495
2.4084459905252626
2.4023350564236927
2.397821470904361
2.4041111297731454
2.4099062621101917
2.411365741251848
2.4024064327620094
2.408172629293768
2.4040016996794797
2.403423213558298
2.4110730565878242
2.4118025886977024
2.40715597834698
2.419510149698733
2.4041999715628277
2.408855697202478
2.4082909589626595
2.406990440310605
2.4072486941312903
2.4144143582400917
2.4092397653969284
2.4027678137327477
2.4025509921598704
2.412847977647115
2.404558637324516
2.4061735484383617
2.40353359261588
2.407600138206932
2.4110702191802194
2.4153922510403127
2.404918655535667
2.4121442383958667
2.405888463331147
2.40683697769627
2.401047642795157
2.4187977708571258
2.4168244027913346
2.416686114669793
2.413192038531323
2.419310270349666
2.409872510530989
2.4134882627137575
2.4184689506064077
2.408045264111774
2.4086940055793633
2.4127941422112515
2.4059769911309217
2.4161253538480274
2.399547580093818
2.418180789896055
2.412800656772514
2.4139280147248305
2.416035156281769
2.4091560387277338
2.40796106005718
2.410486612866236
2.4197025456853596
2.409437815777635
2.3992359405578148
2.408732870732583
2.400403734097407
2.3999323625994156
2.397673600786645
2.4049079307466794
2.3942538611559243
2.3990251462689356
2.4054255536499194
2.409566123226227
2.4065562660175672
2.407861293619009
2.4041734363980782
2.4028496101147128
2.414144996629723
2.4124007334775692
2.407385986757377
2.4030108428768617
2.409820944477255
2.4049565016337127
2.398542644126866
2.403677842204384
2.407969905939242
2.4021546525901796
2.4067157948373388
2.394748536340242
2.405785948098823
2.4064507028564854
2.4097575845121995
2.411634454621223
2.4014828302496136
2.4108146982026097
2.4023415752919295
2.3995643346495896
2.409982267391201
2.4086761277223494
2.4085758949478646
2.416588089774487
2.4127266275761405
2.413106502092954
2.4135451184413337
2.423830307455262
2.4157011961729653
2.4194617429345673
2.4113158135003507
2.4036102353405875
2.4228029271978007
2.417327626172514
2.422772163438487
2.4216168828419686
2.411702738226068
2.403851799930555
2.4034424984454614
2.4016588177974265
2.4159113060812984
2.414659604182753
2.4148887638665
2.4203194053503863
2.4048358125202633
2.426431004302654
2.410448511560366
2.4136289380845244
2.4163876462376703
2.414734014879383
2.4196008835136213
2.411496717706096
2.4140239616352863
2.425580624848827
2.416061474599963
2.411242155537872
2.4179847307775892
2.411496411703555
2.4158021782155927
2.4086696182394585
2.4017523402376115
2.416871899348184
2.4068257888934825
2.412934113503263
2.4088120309240364
2.4167246930202664
2.408365750202937
2.4090684775583777
2.4150573523901464
2.41440368017065
2.4074693825129887
2.4110870098176616
2.4108285573033044
2.414985593758087
2.415061637767007
2.421319502050352
2.4222285562953574
2.423036566278946
2.417578940822773
2.399077688009997
2.410000982209897
2.4167120835030147
2.4130295184350836
2.4214665533840165
2.4096080605063115
2.41212376491936
2.4039900354196577
2.407754137839907
2.407395398738236
2.414201568935847
2.409053500264669
2.4150129745120434
2.4051402041141956
2.409062966043252
2.4022513992423145
2.417133400102959
2.417794531886345
2.418707619001003
2.415410358564602
2.412391313956678
2.409380102542654
2.4156518191677923
2.412792914185592
2.4159445789840714
2.4130894666403466
2.416185910510363
2.411595492725304
2.4106880501858927
2.4165924808206856
2.4154367787516806
2.4178947270146
2.411892296177129
2.417913884806796
2.4095134017158397
2.4202783887763877
2.4192478726313067
2.426114497292801
2.413905506477694
2.4122041832222516
2.416330915923377
2.413834992631918
2.4148436176027093
2.4160347983650965
2.4081632548435064
2.404335418044029
2.4186007232180033
2.4187901268166923
2.4206027621374564
2.419443166820419
2.4083777777146205
2.4170261023437747
2.416821717872248
2.4130288178723243
2.4159239630852323
2.41118461453338
2.41356222102643
2.4120651170269407
2.406533416576639
2.4106831358179828
2.408988121782209
2.4230101897489824
2.441306371481516
2.420574160918838
2.4137841970392104
2.4150777946240427
2.4089214684754685
2.4344619062801707
2.4235056360020444
2.417868727925498
2.41747304616669
2.4224212993276453
2.4240132092237454
2.418686682774797
2.41570867987907
2.4223358526419663
2.408963002142838
2.416140501876688
2.41940907530065
2.4168445173812545
2.4158696636643513
2.405893106786717
2.4211838993196486
2.399501750168964
2.4176837875434845
2.415675985422698
2.401496024848115
2.414504972417294
2.411391001449452
2.412251093229944
2.4124164670292387
2.4030481671893202
2.4248497960315514
2.423051802920626
2.3973429650285367
2.410666378455681
2.409872548601082
2.412326674321929
2.4165320168260376
2.4051148457439226
2.407429664790304
2.4179234138650085
2.4194227355328435
2.410076816165214
2.4174336843724995
2.4224027633207137
2.4103897445761224
2.4108769603884737
2.4095750422249678
2.416278674117333
2.4120331243454127
2.414081949554459
2.4132478039661738
2.4093951432517113
2.406556669179931
2.397535081685376
2.4134754748283234
2.4151342736987815
2.4086562462891288
2.4057192122780986
2.4142671233546156
2.4107407247820474
2.409813672674176
2.4145644190533213
2.4128664089060914
2.4091425926700305
2.4163285404540855
2.414557891635667
2.4152887863869354
2.4176730835389475
2.4084639245440367
2.3964622497013903
2.4179544425832074
2.422985021984072
2.4120770648658936
2.4184590575618947
2.418128933532475
2.4138284918355644
2.4144718025879706
2.4165004303799007
2.422181752785926
2.416460844958003
2.405057302229072
2.4115356457379606
2.4089155033230596
2.4096608822014085
2.406649792627276
2.4064214196232037
2.408119165691715
2.406164011446795
2.4171666082269154
2.4168596699271605
2.41656992219001
2.4155745073322654
2.4077238857505843
2.4174008186288507
2.4153650887183487
2.409527636509875
2.413605656067775
2.4179130844761003
2.4277293344402033
2.415081656514437
2.4167532271703385
2.418676453541191
2.415401980845527
2.416838124988437
2.405571010569173
2.4222038853448757
2.471872269753639
2.413404815285441
2.4183033612834453
2.414232132481559
2.403722651584157
2.4056765318913844
2.409839866330886
2.4137318982642904
2.408426208392677
2.4134078724104513
2.4050757181711395
2.42004424112727
2.4135432716650187
2.411945278193894
2.414740398816256
2.417245313195668
2.4060906419533876
2.4089105729641536
2.4185321533802973
2.4234053964675875
2.422988277699529
2.409356592814829
2.4060361079093604
2.410772024601916
2.4151315052754305
2.4184746638036843
2.4184038031909205
2.4171679097778513
2.4157379300032136
2.409867281759693
2.4131295837109272
2.4216465903792623
2.407049499017928
2.4096341874320895
2.4151419206184563
2.413783858824153
2.4137718410880784
2.4039483478717147
2.4116171693438404
2.403924215550825
2.4082862415607416
2.4098996537580026
2.404115440007621
2.4091180811301025
2.413559169257385
2.4155416100083147
2.4110980834499083
2.409561373286937
2.4089574640330262
2.4072859894207754
2.4159488244654574
2.407329597768025
2.4092545395772116
2.4096473687595865
2.410681536863674
2.4085118881360428
2.4062537454455124
2.415823312618495
2.4131787000867932
2.4133326998117757
2.4136961055662214
2.410737576929459
2.4235402156516455
2.412787483032669
2.4155646776050235
2.419862072371225
2.407827298136223
2.4181912716325087
2.413468232708749
2.4227638904675164
2.4192019037381955
2.415498799524435
2.418659386631608
2.421212203768972
2.419153931949115
2.4162488121291745
2.407797019783348
2.4193216164434737
2.4191660938328896
2.4213754405743098
2.4135942326053534
2.413171128796324
2.4216712955752344
2.4154676186923325
2.408065632477771
2.4045257700706104
2.4110679103071457
2.403128221804663
2.4139817802047854
2.415821001742987
2.4131467616287123
2.4185676400896763
2.41488300107483
2.41819461307269
2.411888534820421
2.4228894067292783
2.419567328162876
2.422164564617202
2.412136636390401
2.407802308810251
2.425040007122244
2.4138302961839035
2.416841099975801
2.414408712016453
2.4179836706928786
2.4207815648852806
2.414647889324473
2.4104602624679945
2.4190744697807274
2.412107834764586
2.417160991472949
2.407718310745091
2.4123691809385623
2.4150319812619143
2.4107203111622604
2.4122254049668936
2.419867897336633
2.4093940682096218
2.4122308622895368
2.4101571246418203
2.4111740081903106
2.413683047989943
2.421355532866265
2.4135214632893867
2.4123373071860286
2.411773707002966
2.407512584096439
2.4062513305915885
2.417194833128186
2.4121873741470714
2.41076639420574
2.4147584251965224
2.3988821380510568
2.411808655914679
2.4048700435867354
2.4123250943625125
2.418439735200296
2.3979639952750125
2.402650213045944
2.403727922822144
2.410813586029585
2.4008145262612883
2.4093564356651282
2.420829908774571
2.4043472577805756
2.4135924966850806
2.399475725275593
2.409990809976652
2.408803688474297
2.4162283961129494
2.407640697954864
2.418071099164571
2.4091573274306644
2.403595249282298
2.412054240616951
2.4070729776268696
2.413883206062648
2.4111215544916877
2.40722464919324
2.407079661575691
2.4129149692655134
2.4062294568205824
2.406725404048734
2.408255038603906
2.4041078754635303
2.4093165382803177
2.4110561272872437
2.4020813709412185
2.405111154502897
2.4137719664991883
2.413601993814909
2.400088431015431
2.420602000519924
2.4232990992173096
2.4147365588637633
2.406441278440199
2.4020105915212744
2.426693292491911
2.4119879234472084
2.4113339795166437
2.4041988038436513
2.414244181332817
2.41634034931582
2.412450394956052
2.4112932639863116
2.413190682472334
2.4133152887658635
2.410551377810633
2.420912617082428
2.408962697990893
2.4100581313620446
2.422203049125891
2.409237890693279
2.4111692170872745
2.4008759849504453
2.417469688297107
2.4020399148045524
2.403667964096649
2.4043456441347986
2.399279173394979
2.409310322682408
2.4058782889802446
2.4082060177979967
2.405829354176242
2.412053916928895
2.412700694791971
2.406835518022679
2.409553099355901
2.415023384103847
2.410748109233632
2.4118395999584132
2.415523516161677
2.415928078291047
2.4171661533916633
2.4096866240441774
2.4120211634399187
2.412037730997183
2.409962843237964
2.4106065208241327
2.4138994657428507
2.4079310416014432
2.417923344039787
2.414529187858458
2.4132138153971225
2.420412754622976
2.4216914011040167
2.4182566895536812
2.414462208451539
2.414210265607064
2.4193095593228438
2.414147882037961
2.4196257630310107
2.417380936596055
2.4176886769390533
2.4260279557471645
2.4083292642563663
2.414746092098739
2.408079202745637
2.4085464922128375
2.410909460649141
2.414717056112375
2.399852940620595
2.411590876507004
2.404658456063085
2.4082403315176237
2.413571265359153
2.4086318889499734
2.3989427759390543
2.407775008783092
2.404384060370563
2.408787200354496
2.41120950247126
2.4116502693948565
2.4222015067331246
2.4095820034339046
2.4233484704716757
2.4201396347926187
2.4154415325875442
2.4250144955486355
2.4101988682968085
2.42240044704126
2.428012033496617
2.4108567221177566
2.407410878626146
2.4121509441471054
2.4148537698983175
2.4132843256422976
2.4176388040335697
2.428250903942647
2.4271090954822294
2.4167612483303174
2.424655377940632
2.4257421235299885
2.410607385118733
2.421552620383185
2.4127079805380744
2.417359129253628
2.4201112573581147
2.4318857161076637
2.4127079258033035
2.420004826130031
2.414441581759222
2.4064672666273954
2.4120783914373374
2.411334356227589
2.407337078696739
2.405944139353815
2.4171124532774924
2.4139118443509116
2.411943081872294
2.4203690899299146
2.417118956219643
2.42377645336344
2.4186525370043097
2.4142751258604274
2.416230690649584
2.415710232943122
2.387533141323102
2.4137804013419357
2.4081216479690264
2.394856091862254
2.3944249985513983
2.4088458744758334
2.3959606330712955
2.398963614306073
2.410336538143757
2.401044313551628
2.3992896462982407
2.416022080272018
2.423117577644393
2.424340200225221
2.4260856082065665
2.426190417757477
2.4293924154799273
2.4247437488370114
2.426292808503112
2.408094273163603
2.405901751474241
2.4141829774278016
2.4058930499699946
2.4116400901603554
2.4119353957776304
2.403237226708351
2.410215569342894
2.4067971248693696
2.4147041073845705
2.4178440887830646
2.4115672039145553
2.421486264171068
2.4134112659497142
2.4217798360301517
2.412663040799571
2.4100193850801164
2.4126777197386033
2.4159461628623013
2.3961247080880805
2.405682299904925
2.4090159380274025
2.3998040952669837
2.4060877697758563
2.402484733584501
2.409154901905268
2.4095538050536596
2.401026544021913
2.4081429082941965
2.4060494790495794
2.3984814071482963
2.4111559705061305
2.4115621535215
2.405455716978288
2.408824614076942
2.4206216658928534
2.405129363307092
2.4112666901426763
2.4158869519653634
2.411773925655291
2.4041091950807143
2.415692662294514
2.413787844974131
2.421819737321698
2.410240059479754
2.4141978614264246
2.4061650324561232
2.412001014269786
2.421876769617026
2.421259088955822
2.418743542858724
2.406073954348425
2.40393263660547
2.4032361105980047
2.4076880535960323
2.407083511053083
2.4104816483132954
2.4111325246621376
2.4028938555423918
2.402691341987616
2.4063093307703625
2.4123649391979094
2.4206266437465946
2.424509919981308
2.403707131912583
2.4073686854312126
2.423025041448234
2.416475463509476
2.417303567067885
2.414657004102908
2.4284398303929677
2.4136223169982407
2.4152594798989515
2.4029112054235804
2.42191263919064
2.4122011423948853
2.4010412481653605
2.4133414613615662
2.4148836338229325
2.4262380129106647
2.420846021450198
2.4190490623811036
2.415629722828165
2.434793635349244
2.412771374442033
2.4107419334149234
2.402530099766035
2.4126230022416038
2.4081448892914876
2.4273510330727435
2.4198776482349333
2.4209105204587793
2.411504571083214
2.4145307973748147
2.4158636645697853
2.4193515539024264
2.4118138046891784
2.4116531038651465
2.408956758283921
2.4030701856408565
2.404495046199
2.408876372138348
2.413842632127908
2.415651817593904
2.4104369759116375
2.4065184654547376
2.4138422774650645
2.4175092267955725
2.404225526423474
2.4144134077970048
2.409252102140516
2.4149519519688925
2.417333129278238
2.427032817666073
2.408740335061213
2.4155509847258156
2.406208653190899
2.4086868073079777
2.413867183185284
2.4108777956051655
2.4146866886355927
2.4080370171675733
2.4135609639508666
2.418771756278335
2.4154400333342863
2.415355952673208
2.4079901675747624
2.415468609806148
2.4068382568540314
2.410749924749683
2.4179585832190527
2.4157025403241543
2.421164023129168
2.419773046834838
2.4064583192767257
2.414081938547189
2.416730903968929
2.4128127154630454
2.4182920896621587
2.415394939517872
2.414942728842517
2.405239127478475
2.4125248013752745
2.4198202130830846
2.3989824876754438
2.4063462112878398
2.4134920318937505
2.4100082423062283
2.4121717092064303
2.401465304639446
2.4057504811607493
2.412005883535573
2.4137824567416173
2.4114968749847097
2.4216930618910304
2.4175298042094635
2.4133639881251807
2.4098182249165694
2.417317166616956
2.417408837545758
2.410220121751955
2.412637972211709
2.4126117763872292
2.4112216097929027
2.4167130389044615
2.4086848333364435
2.4085482506012967
2.4204584523187633
2.4196307867750826
2.420503884466358
2.40744956307866
2.4250788888481627
2.4119876571204335
2.4182165743916326
2.418466523481049
2.4210907696949975
2.422233050586192
2.405889483239039
2.4180873517743273
2.4123843814077346
2.4173857715737213
2.4134832536000514
2.4131378334453824
2.4161810511813493
2.4133202450694506
2.418892147060018
2.4160083531954375
2.4206026575148796
2.4120777464320162
2.4161950271743886
2.411248505053129
2.4269704278880617
2.4153488567258328
2.4328041759140135
2.423539753736453
2.4380442765121155
2.4202358637061754
2.399382122069846
2.4076239058063242
2.423722197378533
2.4075221087909573
2.4276121102224013
2.4248148880108635
2.413379475973006
2.420414870256654
2.422362258347612
2.4072686983824587
2.422383236567592
2.4174809467877565
2.404199369832935
2.425133576440935
2.4187249480246837
2.419289708212234
2.4127886283590594
2.416496611952218
2.420452271104289
2.4064855336770328
2.410754061433708
2.4123327004245962
2.4147968689552846
2.4129895943063957
2.4122850783807577
2.416455934785837
2.410045419942458
2.41543754632059
2.4205125222607906
2.408561355208899
2.4191580776998385
2.4115631800328217
2.411074467849002
2.4170898262918463
2.4084279909001665
2.412137214627144
2.400235123376952
2.4081416595085017
2.426524602414258
2.4156244645530274
2.408323125446042
2.417017382616903
2.403409364617838
2.419848527829917
2.412775159969069
2.419604983815243
2.416530562631779
2.416504624269053
2.4215527759429043
2.42444286691467
2.420105085972358
2.4160526702343814
2.411202906689251
2.404310181508152
2.424967940118661
2.4138178097153693
2.405959406573608
2.414604767568583
2.4048554842884386
2.4164805329614896
2.417799093687
2.4076777215755727
2.4120107035337277
2.405847533065775
2.408150431443066
2.412886713162174
2.4169167452021165
2.4183773580478416
2.4191229777287457
2.415720704193485
2.41727148902231
2.4145834705629947
2.4191234484617126
2.416899453229481
2.4210048449141808
2.4113838825471166
2.41394577910581
2.404619111966782
2.42283513371328
2.3940966692063497
2.397220480823633
2.4237043985402096
2.419785837695477
2.4202345763502744
2.4110306620939466
2.4156383917146798
2.4062034044619613
2.406506516109853
2.4136735931988755
2.415909055852279
2.4109774872025516
2.4319262665480696
2.409915479296021
2.4075389954521316
2.4142389121986523
2.4121414883335697
2.407319538231061
2.4180538804707346
2.4117448176292906
2.4130037271344507
2.420705852560293
2.4152709724031194
2.420407825773926
2.406247884716307
2.4105570508732606
2.411020250603248
2.412876339067188
2.41344298625168
2.414344316613565
2.42026920666524
2.408043951381927
2.410462121866602
2.4110186261946915
2.4190404776879806
2.4099918883044746
2.410527550083233
2.397706333526605
2.400392441360799
2.407005769571656
2.400945166744619
2.4025619356565464
2.4095755745462784
2.405902537653478
2.4057034428996147
2.4050060650896583
2.3984185477873523
2.402899092175883
2.400001598376841
2.4045770305291327
2.409120441268628
2.401038158809068
2.3993312450515885
2.4180506597472022
2.425116121452525
2.424343289343959
2.416933661250437
2.419673958545647
2.425205626375862
2.4060355907018143
2.414542091291208
2.416708568597063
2.4093974097206186
2.425475382284278
2.4147717361687
2.399035807902074
2.3919221584776222
2.3946497053507514
2.4005057654062383
2.4035278383861445
2.406488518550366
2.402100598948539
2.3977533576880634
2.40557764930104
2.3967671563641577
2.4017810560876973
2.3997454523252233
2.4001095278597036
2.401334744263234
2.4023929993366204
2.402291876362035
2.394830258211133
2.392932971074525
2.3966601195900457
2.406283023690855
2.4007028828100583
2.409401584372511
2.4155214864543377
2.416061488348621
2.416440161624943
2.4163116238727427
2.4181871726379267
2.409714948723808
2.4218864507376545
2.4144551730793196
2.407188955446118
2.4076907718423226
2.401706708038295
2.40791250029701
2.4110528069314485
2.4164353407592705
2.41226606451101
2.424627094243833
2.3998084454747155
2.403971601657479
2.404366562825638
2.3988229483762256
2.3971973460714686
2.4018427037737236
2.405834975371241
2.406920456003108
2.403178948031543
2.3942011257496945
2.4074601966140845
2.4021483440198512
2.39626589595492
2.3926352974842766
2.4045978161834918
2.4018666091703933
2.413984979685925
2.414799675282677
2.4206903372756363
2.4228981395800613
2.4212339076334155
2.418480384833972
2.413141358819902
2.417580169847556
2.417769348055542
2.4176553826742873
2.421097924181715
2.4246988425419453
2.4220294450139392
2.4090825750708795
2.416304251519006
2.406976160652874
2.418609485842091
2.420474782286042
2.4045475901167315
2.411354393160011
2.412823910113119
2.403898408696091
2.4128961853114452
2.4156221069593378
2.414135178606502
2.4139109987227494
2.4166665659764432
2.4372578349199165
2.4280159594167032
2.4332230817492806
2.434539826764843
2.4309458690932506
2.4328526090287372
2.436930918903255
2.4186633306023104
2.4112052134857382
2.4180080672787114
2.416305745574655
2.4305234608307345
2.417166951324662
2.416367631241241
2.4084500001871207
2.399014563980799
2.415312188932493
2.403637907052714
2.4152200772888173
2.400327164644316
2.4088842027164508
2.4146957904509105
2.4194961893274245
2.418076662361132
2.404152215717946
2.4139344661188846
2.410221141347532
2.4110431365484453
2.411365426345608
2.4091786105935715
2.412903136557514
2.4129083980441206
2.4033542368302654
2.4056083625757525
2.4103777282927865
2.4044271337553487
2.420306592778509
2.422588223597425
2.41927637704757
2.4217856600621332
2.410453003242191
2.419999907027582
2.4149291058720808
2.4249904217193725
2.4103842154410002
2.419356250243274
2.420048433752063
2.425948949767513
2.4333965112816434
2.420606588611275
2.4198388289692585
2.418396347329357
2.4192933169722526
2.4245990495153817
2.419525232250411
2.419760831129114
2.409667189717625
2.4169744712182433
2.406896083203086
2.4183533064518508
2.418304941672252
2.4108087866934316
2.412331906014864
2.419369459183277
2.4136628279408643
2.420923137491615
2.4163266410165742
2.4270055346634414
2.419350678146352
2.4282011514705375
2.4205243127092446
2.42292679114856
2.416022640090705
2.4186818983333866
2.4221530426049562
2.4249234664696684
2.4006252315574486
2.423560562829631
2.422044535651242
2.4156575031937697
2.4172383359370073
2.420269601128679
2.4158369878069266
2.432280512303278
2.421786146499678
2.424825311032876
2.4225858179382436
2.419859264825497
2.4267783768084765
2.415725493462764
2.4145753451714045
2.4057313281581987
2.4191200739667713
2.407048342459259
2.420503055728439
2.4221655666886277
2.421399039285806
2.414004571737761
2.423335949934134
2.429099726956125
2.417417278051973
2.409225800901944
2.412253264926436
2.442015037107659
2.4142878738344273
2.432062978600067
2.418861848058617
2.4128554989406332
2.435413501647606
2.4314945431869077
2.4439592647808888
2.4437175568825347
2.4178327539429856
2.4248811565929858
2.4111394290826142
2.4196830476680464
2.4208696885907717
2.402379376844996
2.4234469524415023
2.41991273605627
2.421703646359746
2.427135480084114
2.413925695724588
2.420852539368121
2.4085831497631913
2.4215182655920056
2.417404009537187
2.4169306167817615
2.4025423609760783
2.409566114741005
2.4190093827073316
2.400186946949807
2.4094936908116455
2.400464912797651
2.408529999024224
2.398161050781459
2.4079929157135513
2.396620027246243
2.4011323888786023
2.408164767830255
2.4029777358934137
2.4108592383951564
2.4178674239135822
2.416204973832886
2.416288303646836
2.4167650410508354
2.4155522085380023
2.405446070427661
2.4175105870319338
2.408237941684896
2.4103447110848917
2.407719960203572
2.4110701789544886
2.413094357903919
2.41044836421577
2.414316962196845
2.4132809105949993
2.411422774208846
2.413807606831978
2.4144333052073206
2.41013525668254
2.4052547936297897
2.408950061994614
2.4193655622473362
2.417089488435437
2.4178539913700585
2.4135429375806337
2.4105745610670524
2.413099066062794
2.41601815664119
2.4038052967489087
2.4085608393990094
2.4093908224371194
2.416526496513813
2.4113135033489135
2.410100855482248
2.416871167994006
2.408946716360585
2.4129297163948418
2.4126507059410267
2.410942270471565
2.409371170957585
2.397084045896955
2.3940609334314287
2.397352556141206
2.4174489840438547
2.4113126779656677
2.419674186928448
2.4130813322265627
2.418003527650721
2.4193855622191576
2.4187335333954363
2.4056290100844446
2.412955319698704
2.4162033641987035
2.4086001891814095
2.415904775785571
2.405942307306261
2.4101502111106634
2.414851130876485
2.4053030393249717
2.408553006207241
2.4178608182704666
2.4141612179139758
2.4178542507308345
2.406702305508351
2.414282385048719
2.4204075327648584
2.3986930381727887
2.410105696763549
2.417484631585613
2.417459099395213
2.406665292864751
2.4071719891800285
2.40609033627382
2.4189061643776446
2.423094913436671
2.4254698975394717
2.4130765644104613
2.4146372473012656
2.4136836459001985
2.426335197245834
2.4095324343633666
2.4122998311920094
2.409928831749269
2.42689834054153
2.419562908833978
2.421333111530367
2.4086793597836844
2.4121843018552007
2.4188074712840333
2.412999280619338
2.41154365144789
2.4149676316867046
2.420065837435423
2.4145194164246724
2.412557906768779
2.411110368950218
2.4130239900844597
2.408464581805295
2.401299721484259
2.405049415052825
2.4136038530477393
2.4100463085630452
2.4216429357354206
2.4135524268264357
2.411199066855763
2.4185037230474355
2.418055187144396
2.4202955134291892
2.415482223117323
2.4139335374760598
2.4058899731834567
2.412286254354662
2.411699239276377
2.4148904453651205
2.4134857376665493
2.4104136460524552
2.411571449082611
2.403589402514765
2.408654849635148
2.4138200478668215
2.415746455538935
2.4133642766290757
2.4052997972683277
2.415399507020857
2.413722762120232
2.412026278760699
2.4106783252792363
2.4182355108802924
2.4198733485046913
2.417484802377146
2.419380807519727
2.407854739704074
2.4092860071751803
2.4194978934190976
2.4179018161756134
2.4165752094800563
2.4085275372785784
2.4041411641690424
2.4142327136688873
2.4029800279840177
2.407199571929522
2.4038045529677627
2.4073988165511486
2.412202645433366
2.40213886103412
2.4165270430821475
2.40553887637965
2.408374817862144
2.4167632215351054
2.4162413195030865
2.4136987747918224
2.4152298448906455
2.4111095210902214
2.4179070485471845
2.4146205115539745
2.415034857799507
2.415046757157469
2.411634116693593
2.40996032033493
2.4126287542502896
2.416110675522704
2.408544892766502
2.4169999126195343
2.4246852080306636
2.4102593310704368
2.4205065185701518
2.418076348371823
2.4196369295293088
2.4193200530461794
2.424693902376113
2.424433759808439
2.4116886124896766
2.4105133770256892
2.406644024449944
2.4192051878500243
2.4028362504630505
2.411866333669544
2.41133378356169
2.4153178686403125
2.4107146594299906
2.4050238980913066
2.411308215621879
2.406902862249602
2.412271019912184
2.416473506518482
2.416215154842754
2.412024539554433
2.4105781936109576
2.4214723012453296
2.4136577587955492
2.4108629716250567
2.4139887462272185
2.402200795275557
2.425075858027891
2.4184085183649793
2.414918186477813
2.414538016557406
2.413695127883249
2.410479775194784
2.4091366199733524
2.411574246715763
2.409783572568788
2.406712302772208
2.4103871129641603
2.4065085898930985
2.4110030115474332
2.421003669075779
2.4080375746777016
2.4229853759269715
2.410978959279424
2.413559123315127
2.4142780838208004
2.4058243260531493
2.4155719622747713
2.416547075760196
2.411947756202127
2.4149074178430983
2.4095511211563467
2.412585794353117
2.4133065373129963
2.4076286852025373
2.4128561749483377
2.419611929053272
2.4121904517417097
2.4205227255475656
2.4190292812514795
2.4164593023379903
2.4203386201471497
2.4233080707114882
2.418146270990399
2.4007907863315623
2.404522218280736
2.4008293294286265
2.4005434487674573
2.415923415952045
2.4078947548463687
2.4048116834616176
2.4110144580415267
2.408167349804981
2.409761178356737
2.4120941438133734
2.40772238525491
2.405540545090009
2.4102884322318525
2.410755091294843
2.4047842653993245
2.4102392462564253
2.405184375442453
2.4065929191826925
2.4058232242971145
2.406041102235876
2.4137381065067807
2.4110184633942424
2.4086278920246036
2.4067433033633816
2.402652626646882
2.412806238881378
2.409551402385621
2.408063995351198
2.4092757993788445
2.4085324985320655
2.4110434889832546
2.4030821404291456
2.4126696291536
2.405118329509004
2.398567564860531
2.401666996791284
2.404876828285891
2.4207144326712093
2.4096897409299034
2.412510365460944
2.4035287482791134
2.416480492245234
2.4149091861349454
2.406152090822794
2.4202546227707695
2.412025021484256
2.4046522307478257
2.411062159072297
2.408447101165412
2.41494270125194
2.4054534717084883
2.398665181356119
2.4014922339891758
2.4174930567674697
2.411837398570839
2.413125957002601
2.41936926982294
2.4094518758321763
2.4171376007683114
2.4073097830858905
2.424459110772356
2.4090149190410153
2.411343120402194
2.406354938266557
2.403393865066588
2.3986471306325474
2.406523637187837
2.4098743251780057
2.4064389580457597
2.3962759307891015
2.4010020826604377
2.3966374039773926
2.3983768979095053
2.4070570133645455
2.395223878919338
2.418477313789444
2.405955183180681
2.4189335905790554
2.4193236695165217
2.40772869911873
2.4137164474360433
2.408687628717145
2.4187853395543044
2.4138981356519267
2.4153811042826425
2.4108620571052684
2.410143308117522
2.4146566406329435
2.413243893802959
2.411781710084465
2.405035803929729
2.408210620927949
2.418926719269961
2.4174135607093463
2.4052400703253274
2.412883790846553
2.410008650515422
2.40245300792329
2.410667933366631
2.4025092844882003
2.4149746220539248
2.419276865840939
2.404891588780339
2.4097232412363216
2.4060846269524996
2.4075562356253424
2.4098060310937988
2.4127499198144315
2.3988925169676723
2.402706469482543
2.401684106995089
2.41133861273219
2.418041119860228
2.409600244792765
2.4096329890266146
2.417660474868749
2.4037050564038194
2.4028530187705996
2.4029248664950194
2.411158092776955
2.4134937149812847
2.4116586902429926
2.414140705780329
2.41371327915016
2.4151968371589634
2.3997138069352775
2.3996919800615917
2.416848162874021
2.411824302735733
2.4162378514952834
2.4083677147504776
2.41494925274675
2.4205640012450433
2.42298733003157
2.4011281557838196
2.4113119889489245
2.4081214624855725
2.405614462577899
2.4062645859172354
2.4107106267297524
2.418091653810878
2.410610136603463
2.404697032992004
2.401399279534472
2.4100401855994527
2.4022914369988935
2.405586174501226
2.4022377588333286
2.421150623842129
2.4022155345343124
2.3999062088515166
2.405838221092813
2.400448747137844
2.4044522708665585
2.4088356330063583
2.403203369369322
2.401891683371163
2.413783728754941
2.4007382882593187
2.3981977590993293
2.4059652557911546
2.4107604502896693
2.415320803625195
2.407639681800687
2.4099810545655234
2.415703940181341
2.412917959736142
2.406956808197908
2.4087675640456183
2.409603741264478
2.4095085015761404
2.410182850722642
2.4024895221418263
2.406179341830369
2.414052770694333
2.40355328155669
2.407359557948408
2.396324294093051
2.425550851010966
2.413361190387427
2.4111161255989715
2.398795343099486
2.4085739480001567
2.402327152289042
2.407787603866245
2.4105648180722374
2.398483384843895
2.410126485761657
2.407509521538435
2.4147876689981422
2.4137544396374353
2.3987651522190667
2.4099373260299513
2.4017376773378216
2.405722832526776
2.405498558253743
2.4077321710093402
2.4085251318800687
2.4087009267009902
2.407104453752113
2.410598430350702
2.407852587673035
2.415333649377747
2.4068821380175844
2.411735240977907
2.4076758688715505
2.413113979639143
2.412536439630484
2.4079946230881446
2.4142315490190467
2.413852637570002
2.406506972904815
2.419813422163029
2.398322811864693
2.4070612628659984
2.4093528081849223
2.4078411004990214
2.417994733686372
2.4210971702246127
2.407443434991343
2.4170669010890067
2.414059914708401
2.4169820570380742
2.411672461117485
2.411135219197927
2.4098406043502694
2.4046412382409263
2.4040933978118266
2.403209590734346
2.4152971815257236
2.4178223240453525
2.4164284138146805
2.4065317935163537
2.4116935554715937
2.4207753169490815
2.409993316991834
2.4096137040009444
2.4089569175604018
2.4137421487111244
2.4029478848431847
2.402769160332077
2.404880466877677
2.408069788004813
2.415298597619764
2.399180349366421
2.417900110214499
2.4158243809107223
2.4171634618046567
2.4162511680141017
2.4063856282426777
2.4058024986369215
2.4047840687433024
2.3974963991386673
2.399398192599177
2.412100442984913
2.399399309863981
2.415381907651225
2.4119670465944885
2.414821531590965
2.4136014825082697
2.405891936151705
2.416486125151935
2.4101174571266193
2.4088794880924174
2.412005207514393
2.4070647634787163
2.4032966793753494
2.410260011138496
2.415417408269037
2.4114038153287773
2.4026168036288924
2.404837568193373
2.4119983901185327
2.416127921699258
2.4063662666851755
2.40746986940105
2.4132189895348963
2.4153662286266706
2.409570770386606
2.409516426366886
2.4102449480908437
2.4064618354890497
2.4049308590202925
2.419499620164062
2.4150638519148675
2.4125655840281355
2.4074891505159677
2.419786902665732
2.406126174675792
2.3978318894505253
2.414345223978109
2.4116894755605593
2.3995454299078958
2.4075096062472765
2.4030311361966636
2.4058936490523624
2.413272843141523
2.405402129756984
2.4114597142908787
2.411060346887663
2.4111309415771176
2.418347319360696
2.4089993852686677
2.4034789467743014
2.406759076438424
2.4002403948607536
2.4060059202482535
2.406291227322996
2.4112597892734295
2.4012351234106664
2.4012939910246436
2.412690883379173
2.4029562246584035
2.4080706028513017
2.415425308903677
2.402136190283025
2.408106088749493
2.4095473672382366
2.4120494746781187
2.4247894283913913
2.4085785941691076
2.415140405511859
2.405208948189118
2.4097511836884715
2.414596643079524
2.4145355986204633
2.4186215373557065
2.409608998656645
2.4128207789479443
2.414829550149716
2.401341174715502
2.4095075976012437
2.403688244276718
2.4146597084797277
2.4097600815475753
2.400775263715285
2.4060378248722447
2.4091061146044046
2.417398298282511
2.4033668315602443
2.402590588589446
2.410434761701337
2.4070573149017216
2.4059275183399844
2.41583060852693
2.406117533238903
2.405394886515183
2.4096184849444957
2.4070291155669783
2.408512691442396
2.4074252023924303
2.4190086962018875
2.415850292585475
2.4128463966549427
2.4140346740901064
2.418972223753748
2.4166905179921847
2.4160650053603634
2.4136496199568622
2.4211623465756147
2.414734487910375
2.4136673738969048
2.4082571062396823
2.399078839755245
2.4071592326517384
2.405721138393211
2.4081802284942357
2.4151997426829683
2.414107554503296
2.408440436840681
2.4119466617862715
2.4021836143790845
2.4040198584289634
2.4049780437508437
2.4035359052464065
2.4127889208311273
2.415117585294297
2.413538420941519
2.414697764109739
2.412915559657019
2.4139226853867797
2.408809056661942
2.413284008241775
2.4051714515857125
2.409118692826666
2.4128500493564253
2.414139308118429
2.417511440841055
2.412824415530385
2.396521252651156
2.4051831311927883
2.402844601465666
2.4114409098583467
2.4085453956361547
2.405545323896539
2.40826005708202
2.413765893921842
2.408668688941218
2.4063427067829073
2.4065613906783883
2.411571839079623
2.3988354883711276
2.411934158735241
2.3988241160344645
2.3938832544889546
2.416874487591933
2.415332520710301
2.4187593931999563
2.4098143803352543
2.400843652936275
2.414879983023253
2.4108921424599368
2.4052416753067667
2.415813710046294
2.404577814136471
2.405820926254524
2.409969624272884
2.401580010953366
2.3986928124833757
2.416864192850459
2.418823906741179
2.411844781010301
2.4022528053838776
2.4116163728773743
2.4127650096716233
2.4141159481513563
2.4062989133350516
2.40897795907432
2.4080204876864517
2.4034938536468355
2.414904819236338
2.42190054298848
2.4015625912989123
2.402279854274869
2.409738757523884
2.4028180508223755
2.4072137677645777
2.404578795244523
2.4085015252344992
2.4097272172125903
2.403529817077061
2.412508575611263
2.4130015882878086
2.4132894384733476
2.41619892987191
2.3997290829884435
2.4034503663868065
2.4079714416893614
2.406933097826581
2.415558957716467
2.414361004125666
2.404742910857512
2.4066929826301675
2.4174005577624276
2.4151824833580293
2.4132604067932792
2.4030309940637244
2.4077369915814355
2.4107324784517425
2.395100572450999
2.4149856645480354
2.4145299204234822
2.421732703874704
2.401504052482477
2.405390179960905
2.401783187017474
2.4158307473102485
2.404671322106447
2.410260042154331
2.400852805508146
2.4091211575648392
2.411063903982775
2.401502661043412
2.407525820421693
2.414049762465715
2.4138187775063766
2.4107858231317567
2.4115704470452397
2.4101702683194466
2.404903029876435
2.4064581788108756
2.405550091367383
2.409310013534385
2.4123268500866235
2.4096989102720694
2.407048096612089
2.4062323106546324
2.406331896746394
2.408270297277218
2.410520588044015
2.4136315983687036
2.4124968144413272
2.412293421324768
2.412271369947407
2.4113201646386666
2.4132209047450544
2.4125716084897766
2.412634004841119
2.411090894012265
2.4029938089558254
2.414655876151375
2.39848146479116
2.4032394771843983
2.4119580032507777
2.4042871731042363
2.4160868014823866
2.4150972806532955
2.404318444707211
2.4160622408846715
2.4182853483270126
2.4113669522932675
2.410836964852337
2.414774430113921
2.4075999547226905
2.4073247292967714
2.4130995875949113
2.4223054199452916
2.421677523874546
2.4161334750262244
2.4031527098395227
2.4028840955940156
2.4107707045707376
2.399330342390158
2.406170572430196
2.4089322328828513
2.415768822725224
2.402524723630819
2.4072847542553815
2.4111300957208073
2.418043693591602
2.4196931200240566
2.411228829272076
2.400040545127545
2.4130000257190716
2.405311865550054
2.4128313994836845
2.405275320528829
2.4093471630731225
2.4173766156166714
2.4052201552933234
2.4089446165141157
2.406205575640662
2.401273195107027
2.4071525796514677
2.405377543271056
2.4123143010345354
2.4237003625978977
2.4123193221396644
2.4202217085586644
2.4123212949729775
2.407115402662025
2.4073555672763827
2.41341856536745
2.420655003899616
2.4147724228573457
2.4171539389793497
2.4194600067231855
2.4056696822049557
2.4168083879531945
2.4180793171863755
2.405653197945674
2.4036047264255345
2.419594176556272
2.4164750669923003
2.4177295801416294
2.422073533806363
2.4226731833205988
2.4145561077704163
2.410933137591551
2.4035633340505846
2.418910231000085
2.417611543969735
