1.3598759676503602
1.3553147870416034
1.3612658254292456
1.360349532623274
1.3588413645232353
1.3620271220726834
1.3629651811475565
1.357658889808397
1.3635499304883207
1.3627170518165197
1.363085192581417
1.360332812909361
1.3603986322274608
1.3551765395613158
1.3545495308309363
1.3587840815030838
1.3525403256452377
1.371549793246556
1.360537880201761
1.3589048526816123
1.3591987284561546
1.357525723670207
1.3584174003301028
1.3570830027901646
1.3619573453788794
1.3638033113552177
1.3586188514113882
1.3628900951722784
1.3600947343326062
1.3609052401282102
1.3497331169703506
1.356543828297199
1.345701445748723
1.3621351373503874
1.3605480052034677
1.3564152316500075
1.357207321656816
1.3667247231567128
1.3602692895165962
1.3591693960432607
1.3609781804609378
1.363802761005522
1.3634490239023602
1.3701605328096194
1.3608965489424214
1.3582661386330166
1.359046647626327
1.3646069504726628
1.354074956764896
1.364418360821421
1.3605791882664613
1.3597318090549781
1.3617200463011845
1.3529516270291637
1.3567891829155188
1.3571395642375672
1.3594756949874616
1.35133419454578
1.3644678465335953
1.3410819201175739
1.3618860983838308
1.3563506016609792
1.3549708634376385
1.3608394592904645
1.3623036638564845
1.3580053558432723
1.3618326210504934
1.360162253280647
1.3629444944129823
1.3551831476086196
1.35275327801498
1.363192396864552
1.3801690157646258
1.3571821573622393
1.361038665969203
1.353463841722466
1.3528302808456967
1.3585023681376283
1.3491194138121418
1.3687724229698721
1.360590954250058
1.3614869346710492
1.364915954175929
1.362169587324089
1.3397250167212864
1.352768371445266
1.3563011091995019
1.3577274206140986
1.355510805885151
1.3669281766141554
1.3564082202756307
1.360967979991803
1.3648331682053212
1.3598898125126053
1.3597607125617284
1.3606616629547459
1.364186366371931
1.3520475125415876
1.361047337324342
1.3575504124293354
1.358753006819888
1.3686531747835073
1.3596552278055853
1.346522095479154
1.3530446430848073
1.3417677495563143
1.345117220409692
1.3546632491360406
1.3712774755943613
1.3434125941199275
1.3436868118731546
1.347455075381018
1.3677503030078504
1.3550725129677652
1.3580057216238521
1.3683138706580742
1.3672276036771123
1.3655486663349905
1.3626393038500062
1.3652616183688935
1.361420407656871
1.3604836429875238
1.3571460058723765
1.3651200345415884
1.358599961242199
1.3654265572115927
1.3675923131421832
1.3631362309549249
1.3741743575835317
1.3563743677908817
1.35746020707385
1.369370170427685
1.36923762410316
1.360765864265488
1.3633168305800656
1.3613634017152438
1.3411492786749282
1.3554703972110078
1.3607821533609379
1.3610806321196187
1.3543926809353826
1.357709437849498
1.3559963334585188
1.3629504135040271
1.360798212341648
1.3475393645251987
1.3578173539878253
1.3672956943461563
1.3689334962599262
1.3444747269847275
1.3506038237625124
1.345403684868763
1.3648850947367133
1.363400620765661
1.3587703821545363
1.3431840903293308
1.3618256587218056
1.3575110199823281
1.3559379441298205
1.3747247160715572
1.3591340595252133
1.3503802797294706
1.3574333148115634
1.3593830870297667
1.3588548292022262
1.351920702654922
1.3593582201193086
1.3505155987854118
1.3719463114567794
1.3679762929118162
1.3503982905374556
1.3473408204662665
1.3575527648406338
1.3652799504497837
1.354800241380722
1.3453172501310526
1.360351168295185
1.35709657567184
1.3633613505434765
1.3548866663427885
1.3567143759471463
1.342046755809172
1.346642115348283
1.3521028850361827
1.3545835971429994
1.3605814339305475
1.3608193244785527
1.3611160119173347
1.3471143289033989
1.3633366293442413
1.3625784477235459
1.3490368071320433
1.3643500030281537
1.3627677554165563
1.3558202430295219
1.3524459515318525
1.3589006849492895
1.3511883316927205
1.363685673588571
1.3609916269122881
1.3582591161862936
1.357891457751775
1.3575000287113153
1.3464390865317897
1.3519021572655074
1.348429178474084
1.3649661840116336
1.3523821997376877
1.3610136629040785
1.351350129526642
1.3597074333423333
1.3479319382950072
1.3512809941465056
1.3543012613979417
1.3460406569046797
1.3632939325694517
1.3634366323286804
1.365682914354459
1.3509135217898058
1.3593372900436334
1.3555783486638109
1.3479957956524689
1.3612363651436776
1.364941300823187
1.360346970736197
1.3635317169312111
1.3549684918909368
1.3769872661377982
1.3584093645072153
1.354496958376721
1.3586607585414348
1.3553751626804778
1.3636590336537286
1.3645827016310412
1.3559414503657352
1.3539834389383523
1.369605294551695
1.361545003757293
1.3538184632772055
1.3585428401633108
1.3573891522250647
1.3703767589849165
1.3613538690840497
1.3710608988964037
1.364646708885241
1.363445789432389
1.355132520181522
1.3557070522052073
1.356813771396712
1.5008066012443646
1.498061445104368
1.508319800952667
1.5031526500479329
1.5068586829594668
1.49861892105163
1.5025053868942368
1.5066038431875117
1.5148357670073447
1.5072034140067538
1.5053369109960877
1.5024639960367152
1.5069053655359483
1.4970468677190105
1.502056666868426
1.4984814765996446
1.5107460092659755
1.5108634469477424
1.5067481194513666
1.5016359286106336
1.5012584817454613
1.4962380769063
1.4982841357077592
1.5016092349927461
1.5064118107271958
1.4992097218217522
1.501164049559236
1.5003468659479577
1.4993450687508674
1.5002229195931467
1.5043890653886753
1.505396142634949
1.5096794097895256
1.5062435619380108
1.498378202299787
1.4989886467224722
1.5011815647971036
1.5053380840905988
1.5024788440107855
1.5022232380240672
1.5038565321288544
1.4941663293830647
1.5044605685872208
1.4888354064915508
1.4953698932363007
1.4990626444876318
1.4963123807395635
1.4891350444537241
1.4916643761858994
1.492665730830382
1.4926935523703464
1.500896359024349
1.497978070315384
1.4954094382962668
1.490411961295373
1.4941369702036968
1.4925912070686813
1.4990945002332923
1.494011578383061
1.5000573550598169
1.4991152038533442
1.4974176863423065
1.4923102485987645
1.4968312149746081
1.5055923510626912
1.512100369804582
1.5028607855377685
1.5033226939251254
1.507614425680122
1.5066702544026869
1.5011256392865984
1.493012546737617
1.516556834755892
1.5009109638328968
1.4965868032224885
1.497243974283645
1.5010485767158452
1.504802623344474
1.5020820882128145
1.4958071344338162
1.4989482168765162
1.4906140589184955
1.4966483350599578
1.4980565637820538
1.4958585177954955
1.503421273594651
1.500475501259816
1.4976780704643953
1.4982048035358093
1.4975225293981984
1.5001683347419232
1.5032379843815884
1.5033946684246544
1.5078274758722756
1.500740745305102
1.5032316178438703
1.4988548779953401
1.5002880194813824
1.5018294396635037
1.500857142372291
1.4958685762292545
1.4838491647565004
1.4869106114781827
1.4965967013944808
1.4941036997729562
1.4938052160028932
1.4932372192026426
1.4940670481761869
1.4895249171296803
1.5029708382072011
1.4930660034391188
1.49779325523134
1.5002651844419728
1.4979098268957287
1.5088657909192034
1.4968806970233917
1.5125821286212442
1.5037983178374434
1.4910188212777713
1.49591753724145
1.5034340059333575
1.4952160047400729
1.49611085729858
1.4949360372781162
1.4927559115048603
1.4990615879800586
1.4985592011222535
1.494775455619403
1.4940758570905748
1.5132102591125478
1.5137229057211
1.5013479830376413
1.5084218041310877
1.5089165779880045
1.5127916185029247
1.5118686192812534
1.5134350474855394
1.5114680570360646
1.5117612808006542
1.5093734166008086
1.505622612727476
1.4988317434207856
1.4914308242942882
1.492717561987365
1.4914843895229277
1.4949951732535518
1.4990431167889247
1.500986654233672
1.514807893243728
1.5112760508401122
1.5098201641928777
1.5139249520710907
1.4957586407397228
1.5146546900676903
1.5098643304395623
1.5137042498297733
1.5136847654503705
1.507640339937919
1.502818606489481
1.5003307481184314
1.5004697837376482
1.5019426172430135
1.4948155861187953
1.499271759029969
1.4956421037286927
1.496258934994223
1.5128662150488759
1.4961059073009693
1.4976389636432161
1.4977368172428513
1.4877409129191623
1.4933181754061848
1.4883862881551786
1.4885374020664512
1.4921114273438343
1.497164280603494
1.4912913351667318
1.4938744019042782
1.4916752075749324
1.4991557959859227
1.4983465686762183
1.4998513733397056
1.5038942681716003
1.4992068098816953
1.4982605756344025
1.4953224024230218
1.499395554747285
1.4974635521654465
1.5090536848690344
1.5017640561894587
1.5048613461317066
1.5061812330952646
1.4953344549465308
1.4932969680079105
1.497636949860572
1.4966798374997339
1.4949906062604637
1.496671110600315
1.4971461951549285
1.4969616559394596
1.4973300782889314
1.5011796944411866
1.4949910071589045
1.49672957689086
1.4973867279459985
1.491928495986174
1.4995754435319186
1.495889407830165
1.4994558937084546
1.4965651952189218
1.4994489460847313
1.497177462527602
1.4983743609902156
1.4979899957163343
1.500174383568879
1.4985984672965205
1.4962090260695842
1.4987545149489836
1.497356196216546
1.4935460407651893
1.4989302759782233
1.4952080911777847
1.4979115519374986
1.4959173563891484
1.4982506006707528
1.4976296921066754
1.4832606728615734
1.487999601342991
1.5003613402976033
1.5013187229487122
1.5028164814066913
1.5010933273808094
1.5024218083281637
1.4874483006935963
1.4849990969509002
1.4835453607784144
1.4906344159993024
1.489334965750761
1.4873923297865106
1.4833167975128618
1.4954007018480868
1.4905924216366861
1.483464568153175
1.4862822828451119
1.4811493257464372
1.487218132132492
1.4911989556876997
1.4804557267842458
1.495904475758205
1.492433619436318
1.4879946275718046
1.4924776490395173
1.496982915272307
1.5036080765732105
1.4841375544963866
1.497083766056111
1.504021432369056
1.5030563223041034
1.512391947880207
1.4926037374020493
1.50139338130223
1.5047669420261591
1.4965550810129038
1.4934606397668277
1.5002656796689833
1.4936990659124698
1.4937465247343862
1.495764625557321
1.494455226383543
1.4932738532230097
1.4943118531487505
1.4931526877218604
1.503169538630889
1.5061827112417554
1.5087330497480949
1.5014337358905494
1.503591545387448
1.5048101367762194
1.5035119139324506
1.504086104409641
1.5051031315389682
1.5070486461786854
1.4956960907861512
1.4953945209170347
1.5004422394545618
1.5011703796722016
1.4983027411543852
1.499447116916228
1.496706044789451
1.4977401936239667
1.4942439764090163
1.4971780666599719
1.4975249745989807
1.4897035638840905
1.4951979320087252
1.499463989727221
1.5002091390260772
1.4980874581469692
1.4946335870962704
1.4912233065890612
1.4931750541567679
1.491714761044719
1.4897047567572546
1.5023914915633543
1.481786997989525
1.511326175515262
1.5048252672588085
1.501662182223204
1.4997792691647192
1.5010940213096298
1.5018320527092688
1.4983913395249917
1.509711756548034
1.5002909049059001
1.5058804806919028
1.4997074978519982
1.5010327828416643
1.5022575361215011
1.5099032405051331
1.50301054103954
1.5026073055059357
1.4957166556584633
1.4954111907201786
1.4948858531430007
1.496018138939236
1.5029268567824532
1.5134303987578024
1.5098910277341597
1.516067317054483
1.5014066156137809
1.501237475376587
1.5152327087922612
1.5105176051428721
1.5179923133124007
1.514041493816843
1.5129796534755937
1.5091448686783566
1.4967165871055972
1.4935217419652544
1.4915907527012413
1.4948912391136178
1.492286100682123
1.4942969858606896
1.4918444110993483
1.5047102169113507
1.4956674228265823
1.504648509071018
1.5152666274140827
1.5066319281334153
1.505864994828568
1.4944660897219422
1.5139142402646117
1.495880822683504
1.497558779592017
1.488298802237673
1.491130345628842
1.4946016444056962
1.5024892887690715
1.503671522309788
1.5014300329927794
1.4970077217351514
1.5085717936898955
1.502162332180063
1.501833208246567
1.4937594391768587
1.4983927251017661
1.4966797456419294
1.4963104405463408
1.4934456134878353
1.5083727972622325
1.4997121216827323
1.492458937047718
1.5076982837733222
1.4974651143965314
1.4925287679305381
1.4923234840858932
1.4877673415917996
1.5118918670637953
1.494818884960476
1.4997171495826218
1.4992703663170028
1.5036858289918624
1.4977526743517193
1.4975470137260996
1.4989605612819212
1.499811861454416
1.4949875806245445
1.4995945472004755
1.5109928833837352
1.5067582963931416
1.4952182093324988
1.5071769544031388
1.4958873545079292
1.5079103120990927
1.5038806769885573
1.5017818403196508
1.5055192129733463
1.502816093456587
1.5043276288890883
1.5027942913639154
1.4975834237022927
1.4994488287784158
1.50182306635118
1.4968097510928795
1.4937249657739777
1.49229538872181
1.4917395740505695
1.4961354458624638
1.4890914138271063
1.496734762080971
1.4948501373902991
1.4924261551038092
1.4903233715335484
1.4883112340026612
1.50285169719831
1.5008513320655126
1.501226153991584
1.5135995760666037
1.5127480142735894
1.511010653472145
1.4982923210236723
1.5139352132454835
1.509954363085566
1.5118316252433253
1.514887028972021
1.509813204351367
1.51166211539192
1.505645858296681
1.5052227624481043
1.5038936318093212
1.5005045067275573
1.5051857271892874
1.5000105008283497
1.5046799015116914
1.500656441546459
1.5073717030777365
1.507584342428017
1.5007793059557228
1.5018644130840142
1.496682682582704
1.4998021172229177
1.496334184003157
1.4913609475269978
1.4975639482917837
1.500579237076316
1.484581377157761
1.5000725863427564
1.5135705613447035
1.5070013132621587
1.510304030403835
1.5135805082006042
1.5142896107825958
1.5130289181126937
1.5128341308378457
1.5031202393253007
1.4922227137764557
1.4944732492078838
1.4958605519786545
1.501464863016164
1.4984598979552208
1.4971713269870728
1.497908402479065
1.4924066902862976
1.4970254857578906
1.4939064902679382
1.5127278597752638
1.5127328955186978
1.5076685164262429
1.4924648748575753
1.5074737807227987
1.5157740125709454
1.5111056110263612
1.5103365390976595
1.506157149107586
1.510186258871152
1.5109238566407561
1.5025474084883388
1.5019526142628012
1.4984098690125096
1.5038703438136816
1.4974617040587983
1.5063775980939151
1.4977312274050891
1.502873076241551
1.4958453493310697
1.492310776979382
1.4905051109085115
1.4857136719838386
1.5096095298578136
1.5113320625338709
1.5015548806663486
1.4986516285928473
1.5089114794981446
1.4955298954151786
1.5132874565083785
1.5113325083173093
1.4942508830186911
1.5164405417015137
1.5135885180777562
1.5152353478786567
1.510402735618774
1.5102685515654823
1.513416268556976
1.4890441594563635
1.4971654061360569
1.497233232484565
1.5011436886567842
1.4845875243691107
1.4808692050376775
1.4839586221862906
1.4789502189432293
1.4924106697984525
1.4935940781208454
1.4984304972605031
1.494422764273729
1.493616586846024
1.4893540390030897
1.4994142894921563
1.4905459736264104
1.4977949423719759
1.5019407603277113
1.5044337604750277
1.4864867193364175
1.5013048073545145
1.5017351198019377
1.5048212139842168
1.4964139151268725
1.5009948053383517
1.4938501575854946
1.4993436802258944
1.4991670171689246
1.5101473710823587
1.5034884600637888
1.5066464416839545
1.4904649594707038
1.4980954461891467
1.4917883531714788
1.4919880349275516
1.4939110343481536
1.4918841995668064
1.494461578299519
1.4924393030357792
1.4989236744072247
1.500246308483211
1.5040521991392704
1.4893842978913772
1.4907658121189324
1.480017833592214
1.4887949347850147
1.487279364862093
1.4927734067183396
1.4916881990220514
1.494602687432073
1.4976910846584668
1.5001792243583096
1.495864468474587
1.4956761336803253
1.4994083857146008
1.5046518334346757
1.5002430691595205
1.493948777427005
1.491862553626428
1.4926392935795978
1.4944019179859882
1.493437578747153
1.4961033871520333
1.4982284425309054
1.5029761072174317
1.497386387116731
1.4935786900027468
1.4971495388773244
1.5135980142835177
1.508830841633996
1.5101458255963518
1.5099087769238193
1.4994773334845894
1.5100757057049081
1.5044877358776794
1.5024336566705507
1.491645038245212
1.4848746773584034
1.4863002931906988
1.482078175958706
1.4920315508031414
1.4844988933025103
1.501673456714998
1.4991625774094122
1.5033574006097583
1.5008238826544087
1.5034640621173043
1.5035231395187034
1.489737920869822
1.5001935638776838
1.5011463586091842
1.4979206711429935
1.4965241278974848
1.4985773453401838
1.4942934849030696
1.499885202061822
1.5039383539065785
1.5114305623897408
1.4997627602568948
1.5017620885303868
1.4911459434156602
1.5020025181259875
1.5012219666986766
1.501168151815945
1.49853111573444
1.4984389474154083
1.4973296891962031
1.4982212166280977
1.4943885983570226
1.4992161829874215
1.5013963046672343
1.4937519900794916
1.5002231635988157
1.499557328165418
1.4995775363971853
1.494478971747719
1.5036838125043657
1.502235902706958
1.5022097317436451
1.5058989229225972
1.5065516108346886
1.516697726071953
1.4949623517813027
1.5026540297183024
1.4938699131907214
1.494856325522165
1.50016000064519
1.514064601426992
1.482791187881865
1.4914317637131522
1.4976329456126765
1.496084313924396
1.492610738322436
1.491729769384392
1.4914168640981518
1.4913306716633625
1.500144185445515
1.4875192746926498
1.4890138278664624
1.499990893755615
1.4848686059895142
1.4939298976915125
1.4966143483599788
1.498833946736271
1.496994542597629
1.4956179316344806
1.5028245703204424
1.4993694272015863
1.4988404047076158
1.4981051903558085
1.491853891716824
1.4932853011196983
1.4994807176084377
1.5147371326166434
1.5154921427726948
1.4994614076387565
1.5126710352620985
1.5154820075279278
1.5083053730995057
1.5157681233846474
1.5107289650730693
1.5097581898544745
1.511151283382579
1.4970465029346254
1.5131830491948413
1.4797785185875418
1.480923443759151
1.481886274979249
1.487006032407856
1.484492650059622
1.481124454484303
1.4856379409393836
1.4782739310101194
1.48559103149537
1.4985849642680373
1.499333539421717
1.4869830504184698
1.4829005486766171
1.484570038152682
1.4831572591657238
1.4859806089390146
1.4812365380430694
1.487815020745082
1.493388381877513
1.499616979154904
1.4903838219568741
1.4924816719249134
1.4906062330364367
1.494247066930099
1.4870707211888756
1.4813043345986638
1.4856935534876918
1.4804874838028508
1.4966312582201367
1.493986416838086
1.4806135245547896
1.49573990379015
1.4870962574365243
1.486005578515556
1.480520345543999
1.4857169341314822
1.4820586394595623
1.4867258561670154
1.4873940853561904
1.5038008554416995
1.5104980911662942
1.5013466641484245
1.5039891749363672
1.4976805148841243
1.5006628244136375
1.5030820728330045
1.5002796410925756
1.4992080880735137
1.4959219321930324
1.495827030863976
1.5061777602876263
1.5046566579968634
1.5012361280698614
1.5031226104478876
1.495734875198664
1.498857638677538
1.5033318656711794
1.4983224642217559
1.5009989262960683
1.5028255368279293
1.5041409485430837
1.4994074777958915
1.5009700683056952
1.4990415215127528
1.4995774034987484
1.4997250816647458
1.497540973049801
1.4804122231025034
1.4893552361911115
1.4928873861653127
1.4978108252087259
1.500213336692237
1.4990175543279904
1.4932736551995365
1.499010579982834
1.4818047343698617
1.4988797237777298
1.4945579446822945
1.4963531940803307
1.5041958883724256
1.5121140999212392
1.4985334303399556
1.4923757585097561
1.4926974752021636
1.4974905506091587
1.4940341966199064
1.4932035797763334
1.4908148477737198
1.5091578361820395
1.4949066519963319
1.4950837174468408
1.4933156453786134
1.4932438396744234
1.4993282746643628
1.491729578136986
1.4983773905075846
1.4961231224959834
1.5006901330939804
1.5046410746955554
1.513075235165714
1.510094959751148
1.507300171918661
1.5077472608862987
1.5104873731447248
1.5047244545182847
1.4998871301860677
1.5025528145410552
1.5043477855825822
1.493682826599035
1.4987534659247235
1.50052368695625
1.4954278704055572
1.5016647229214561
1.5013476479785448
1.5023265254223654
1.493566379304021
1.4821486041714043
1.5066392218621432
1.4891484414013247
1.487732098577641
1.4944029591797188
1.5069686460391074
1.5006328995264577
1.5029762909646613
1.5028997587809814
1.5040011446079653
1.5012727683950697
1.4847283013644765
1.4984057342482777
1.4957633305096356
1.4847692162498756
1.4818522334353177
1.4813453932574192
1.498557658809499
1.5028750315746147
1.4927027685240124
1.5041068347890536
1.5069279192724923
1.5003579959728122
1.4947218672837719
1.501562128173902
1.5097357004955116
1.5138861833035058
1.5019773169008979
1.5078122439828106
1.5107931695931767
1.5004786896557687
1.506466558608341
1.4942684721408825
1.492837761087414
1.4944397059632972
1.4910022259347635
1.4933173931442618
1.492789421918505
1.492334675745425
1.4932337200948953
1.4901811439550627
1.4843846403174932
1.498019537707693
1.4862151516800155
1.4844177673711307
1.480209381965491
1.4976039528946545
1.4858220507005184
1.5128285119030673
1.5092492367580421
1.507301617711873
1.489039448230167
1.4996766568735067
1.5076756972946381
1.5054447618672804
1.5103481566931725
1.5071894145839269
1.5112302882064337
1.5101973790590706
1.4899278420848103
1.5073587579846734
1.4921016699113205
1.5079810993389116
1.5019916341893398
1.5073434068986518
1.4980357209364894
1.4921333506864933
1.5031783851659197
1.4942384377057756
1.491671217833864
1.4942680098985586
1.4943976046748049
1.4883558162290234
1.4983395867278897
1.4844891810636012
1.4918235988549202
1.4853606918483133
1.4857583656786817
1.4834120799689532
1.5051368506730025
1.5109477288070685
1.4908796215794522
1.4923640548116872
1.5016525815155894
1.4982210503758604
1.5034899806050463
1.5083148249091503
1.50302825617897
1.4988828712306212
1.4988544876173262
1.4973847009113888
1.4922402775393093
1.5047120300741954
1.502643954289542
1.498971716286351
1.5120201479481354
1.5143292364012069
1.5103885633942717
1.5084265374282668
1.5067422609721626
1.5097676467692418
1.5074682568280893
1.4956682258339429
1.4996936543380677
1.5004647307645795
1.498228710438356
1.4932810077850243
1.496628315956066
1.4895498888493643
1.4959984800128776
1.4952768422849947
1.4929997938324875
1.4912637823910913
1.490085352831768
1.4952872907822232
1.4959659776427299
1.5149402461867014
1.4990994756482166
1.4972114942825037
1.504932021453215
1.5017729897951253
1.5007865103563212
1.4962405048519418
1.4979277669849964
1.5031632672717292
1.4945608751942256
1.4956000989394196
1.4993898801931185
1.4942030866769689
1.4931847622009544
1.5013042684375029
1.5003047582409594
1.4961259406193281
1.4996326533129312
1.5022197445639485
1.5022938616373194
1.5038668627946463
1.5058374089176654
1.5043259314761719
1.5022193151560297
1.48300863088915
1.481092253346598
1.483101866550757
1.4820115464225028
1.4849881935634526
1.4944984820073015
1.508434391373719
1.5102636815185744
1.4982062165595653
1.4994418349598768
1.5032563394535632
1.5076680514060499
1.5094625733402953
1.5019170134721445
1.5040708710904667
1.5005876086708745
1.4918620271580332
1.498967199630287
1.4917686804346157
1.495939158911704
1.4959491608394995
1.5007053520082023
1.4966257349225707
1.4921393564601788
1.4982837084575311
1.4981678283326663
1.5017469417779314
1.4972427258163479
1.4992877477754185
1.501609310919124
1.500977594132536
1.4948516287732612
1.4987385367034558
1.5009028766954784
1.4990935295557695
1.4989266490327229
1.5119174397091804
1.4767481665394293
1.4821492888255954
1.4881027975016345
1.4849073870148333
1.482206675999019
1.4726451276150014
1.4737413452907684
1.472381731601927
1.4807753546735598
1.5063305827696438
1.5073401432679614
1.5082636146787272
1.5133403522355484
1.5086094350691182
1.508177068767197
1.505135231598976
1.5045560126497068
1.485354491660069
1.482500112656152
1.4984253687241171
1.4912361166864516
1.497464783773541
1.4953605919948254
1.5004192902890332
1.4886720746601103
1.492000099463976
1.4894472744354477
1.4874388823244102
1.4928691063362143
1.4961104302955237
1.511296618449583
1.4985599261683298
1.4965697054493958
1.5139078034575424
1.508103488330812
1.5036381510163241
1.4990162574478376
1.5108763610477527
1.5003933879557525
1.5002384194058498
1.5037970180067102
1.5082039895310104
1.506306442311672
1.5017400199118571
1.5063885877296468
1.5018763445240115
1.4976024209250647
1.5049576866393775
1.4992598589158204
1.5006298468009942
1.5005528962328598
1.4990714826797855
1.506125242960355
1.5046495009681606
1.4898467731971077
1.5031032790889762
1.494546323524643
1.4939629125973908
1.4981153264239213
1.4960594317405476
1.4941744528120033
1.4942888264139957
1.4978582918037324
1.5007083004718638
1.4986805005871053
1.4900631061816998
1.4933330928405077
1.4932227027464329
1.4940834847874753
1.513292677448196
1.5034397523271699
1.5011474315992732
1.5036257970573879
1.4997228225696937
1.504402414804761
1.5037225172905244
1.5010126331643674
1.4997399241992906
1.4934511437139755
1.5187498350599098
1.5099334982664643
1.5064644136291465
1.505175269086629
1.4966406713686398
1.498442266018854
1.4933276736413243
1.4958183177309785
1.4981167070418675
1.493802605356855
1.4953440026041407
1.4997591824325371
1.5102007894059608
1.4921985436116976
1.4961944829277167
1.4983053552285823
1.4950469124360042
1.4908777432653046
1.4886850183966986
1.4873983218045952
1.5017049506883593
1.4870471262630538
1.481810619225478
1.480143912702322
1.482121020706877
1.481229698650887
1.4779434998945786
1.4910622655278085
1.4945535623981934
1.502608486895741
1.4965358306735623
1.4977421045480879
1.5000861753730583
1.4961392672724558
1.4829223060000114
1.4818787837662573
1.4998010855532962
1.5122631899360282
1.5063091343178985
1.4958266267548583
1.498502890681649
1.49919451753618
1.5081900376787705
1.49732769536613
1.4991456193611552
1.498044351535255
1.497284731241379
1.507255504803454
1.5010729979183257
1.5005935783250905
1.5034206350159773
1.4982123004363694
1.4948757389529954
1.4940328708458832
1.5008954424133567
1.4966205258578997
1.5098073621528412
1.5100836852335884
1.5009279602415497
1.5025748298521846
1.5039371098521115
1.4994637787356933
1.5049751334059098
1.5016350578046485
1.5022022142456866
1.502355877646318
1.4993943531383316
1.5008558443545685
1.4965221434034293
1.4964649953485831
1.5071695495872932
1.5021311104093882
1.5008610085103822
1.4980493351025146
1.495170028690755
1.495535663337307
1.4951836778355387
1.4987961536245356
1.496512974793982
1.5021047361559676
1.4990486034637396
1.4987104629674108
1.5068724170428687
1.508395015525184
1.505859497993366
1.5044151764205458
1.5136301580725573
1.5072112634121289
1.5085110129166335
1.5089139446483026
1.5086457099983264
1.510449812581023
1.4854588512774474
1.4808099191545168
1.483981066441758
1.4845381011127632
1.4945862116585955
1.4839763682194156
1.494389129885185
1.5030608486238954
1.5007745428497885
1.5046117416336224
1.5093034930081792
1.4984080022637474
1.5123070797177014
1.5121760743983217
1.5019312372641587
1.496086445849398
1.5059424073588046
1.4974739920108362
1.5021845634452082
1.5015485922665883
1.49916874408295
1.5023487574312149
1.4977648055477266
1.4987353901259748
1.501316699927837
1.499865368782411
1.4971951152939975
1.498269546411945
1.4948741334006104
1.4991284209447528
1.4983634124762921
1.495215049617828
1.496929453745897
1.4952523749618003
1.4944578385578409
1.4964866138128357
1.497458860702683
1.5037185238325894
1.4960081634298614
1.4919590092761617
1.4873477193187339
1.487866897559226
1.5077766269374058
1.5087449633414973
1.5002985998828064
1.487278171208165
1.4895941351659834
1.495352084013032
1.493893377941711
1.493887412457026
1.4968259392784808
1.4966454685689519
1.492421191184176
1.4916060215451097
1.4918727297810555
1.4844714829621313
1.4908597631056013
1.5065912447055927
1.5140630322256514
1.512714619181672
1.5057420103561034
1.5123273996510582
1.5046437832798951
1.50467985962573
1.5067942222750537
1.506629905258841
1.4852043820988616
1.4898142340659641
1.4873286475585477
1.4946750694487467
1.4813000193650232
1.481442455355252
1.4805827965466098
1.4802373445627488
1.4861748583896521
1.502490867458456
1.4884142500327542
1.4907324289054131
1.4949205867245208
1.483882079448169
1.4861290485020655
1.492079239847279
1.4839556058408727
1.4998646981982457
1.5019067240671224
1.5046716808395737
1.4910347552419094
1.491791551772449
1.49333847633426
1.4970062550535599
1.4924110171150449
1.4942005672720364
1.488176826521831
1.4889415221809992
1.4996055448218968
1.4812903896390144
1.492974504781705
1.4896260600238709
1.4932795308317814
1.4943470101058012
1.4871068547341637
1.4976151948969698
1.4914100031946596
1.485543387472114
1.4895231883295954
1.4830660784437348
1.4855714284427992
1.4817553567355248
1.4832338717556266
1.4863411221267757
1.4825935881409498
1.5009668639738922
1.5111768580752711
1.5152246544504013
1.5067566748479215
1.5108645157014728
1.4989396087813254
1.4910113629928188
1.4956849305259856
1.4959997845556767
1.5021647094613728
1.500866621814889
1.496199560828632
1.4967401304300274
1.4946310570261276
1.5068582349819684
1.49722271964074
1.4969887179582908
1.4908675228146124
1.4914033162801865
1.4901315177867644
1.492927603794976
1.5067317748824625
1.4999308603471215
1.5037291494126033
1.5081453293226175
1.4933400233386624
1.501802358831678
1.4915034525903115
1.501473792041001
1.4950397056595495
1.4951057540167927
1.4950663794165218
1.482508550791425
1.4885980026967813
1.492307281632752
1.5019778542549627
1.484908576736725
1.4833438609057223
1.481671180936528
1.485962620861013
1.492211468331414
1.4929134973877929
1.5080565001533595
1.508789295497306
1.514015525759867
1.5102672719898862
1.5077792256044804
1.5084073856933444
1.5115940677533493
1.4998073931822256
1.4908726371310428
1.4866811305266217
1.4896882251417347
1.5097673036343031
1.5114026342214775
1.5113688496845792
1.517915338565238
1.5096796647013755
1.5060458787243463
1.507898756525532
1.5074947810286736
1.4967716676903535
1.510259759714468
1.50657791484639
1.5143169926558093
1.499593388424798
1.5024774525354037
1.5010928445239355
1.5002417326107147
1.5004401891227097
1.4992473820759693
1.4966032190549263
1.4901532391690657
1.487754120546324
1.4858857294109662
1.4799653631907839
1.4881649761751796
1.4877030247104215
1.4955368256508474
1.4894711723728282
1.5015190815521273
1.494734987593523
1.4965101251598314
1.4966787934490036
1.500508000455373
1.4958804344106742
1.4959630284193155
1.4938481186041215
1.4851143628283112
1.5051687147989274
1.5007122335200833
1.5016949997908
1.5015437183166394
1.5047760397202135
1.4992968491645573
1.500831865107179
1.4946628653628895
1.4961710595001811
1.4976791411555734
1.49950388361341
1.501498570372501
1.4969079875355218
1.5008886454997286
1.5192119527639694
1.510031659841839
1.5008589201833475
1.5037778184580803
1.5000523854034375
1.4976971839852247
1.4932433806654526
1.4966458507624558
1.5024463094870493
1.5015730014082205
1.5123423151177997
1.500353583805472
1.4987495899132746
1.4969778741605146
1.510875222862502
1.5028799894418656
1.5003362612951519
1.4969581460670642
1.4982958104268045
1.499699514276451
1.5030459342704683
1.5020018277835654
1.4965345698862853
1.4820789145866369
1.4866900290907266
1.4891021826713533
1.4825128124454579
1.4885878690578522
1.4970751013304595
1.4948651221484552
1.5004784973170324
1.4908424588196043
1.4957663226652915
1.4974419575487603
1.4930005365736463
1.4956031681112962
1.4925884215945528
1.4924833390531
1.4858974878924356
1.499744773674961
1.4987981936191013
1.4865847197788533
1.4848060211883658
1.4935770799928196
1.4957001807218215
1.4967929116954062
1.4963363043520443
1.4852182935121556
1.4969788171904588
1.4925387727606285
1.4933832616567972
1.4968849263674797
1.4883028447291238
1.5094372292210791
1.4903001781945766
1.4930351483486475
1.4909708889592825
1.4954972956194674
1.4904203686123303
1.5045831120107573
1.493217110134468
1.4920519468791666
1.4937334958207495
1.4885490679639595
1.4897595339366436
1.483153514135775
1.494692680530847
1.495797003386062
1.4935218622589486
1.5071094743187712
1.5081577180296668
1.493027928967538
1.4915918986842756
1.4889511539488844
1.5073403089761148
1.4947815950567773
1.4954399293469658
1.4879831573997429
1.4909134227435774
1.4900338733005112
1.4921043575798065
1.49144258145481
1.4862954605437435
1.4974550269749265
1.5092775895377382
1.5026745999824498
1.4943089377413195
1.4942120170832778
1.494186679875691
1.4961300076521278
1.4913906167735826
1.4944365312329797
1.4920065231062545
1.4801022462796258
1.4876777903688405
1.4849369611185876
1.4842721539809713
1.495989434132869
1.4934794015842128
1.4870776984353946
1.4878717783168767
1.4995045779538476
1.4994708401173085
1.49162570129504
1.4909917314921788
1.4945774219768717
1.4975100220656057
1.496710828547839
1.4925667135483653
1.4957310449205021
1.4963124242781274
1.4994660933886728
1.4970825474895895
1.4958670296828562
1.490796502425022
1.4906265375922698
1.498591287465602
1.4851623520500117
1.484506782481146
1.4765288217749761
1.5010583305936633
1.4946045832956658
1.4796343453748528
1.487799596144488
1.493889428571296
1.491593409031053
1.489718779753828
1.5008823941087583
1.4949304914643078
1.4866058689464863
1.4977665696437554
1.4859504276486937
1.4808747889068357
1.4977100838988555
1.4964059300071046
1.4979922244653645
1.4891938785040333
1.4789632285496297
1.4961884170790973
1.4849657241876042
1.4805589551086233
1.4839481493032778
1.4667054315662214
1.4862779901491723
1.4834651776769912
1.4828185800783902
1.4896575463794715
1.4824876571703172
1.4905365801368724
1.495653947601832
1.5138862986974069
1.5060457373692435
1.494062444778854
1.5101906106882197
1.5051386722838063
1.5118027717914722
1.497051631639429
1.5119536510487974
1.5035766303044784
1.499426849117579
1.5009351416873158
1.4847017144986396
1.4989005828593176
1.5050429607317093
1.4948735310362946
1.4963672501189134
1.4901949379904913
1.5025473300037722
1.4941908017742258
1.4978929586589051
1.500871339872009
1.497203285207212
1.5048944705139031
1.5005878513460986
1.4982314871810207
1.4946382253134154
1.502230492439369
1.497949548968863
1.4991782418295
1.4989311939595058
1.4985911576620015
1.5023263312284845
1.4868785557858621
1.4875243269047542
1.489695282040245
1.4910922384166747
1.4857560090832815
1.4873092417490803
1.5066040542895087
1.490074552117105
1.4966888679335548
1.4974863142297816
1.4858853024509775
1.4850927593351069
1.4934503544679447
1.4838377482508966
1.4881369852465154
1.484902442404218
1.4896446585036478
1.4956100341480454
1.4915511797241683
1.4962506710833228
1.4851868499504237
1.4862774871875124
1.489884542694241
1.4936223306173548
1.4908018703954646
1.4933602056499868
1.494495731620211
1.4893216118186514
1.488450573947598
1.4867278975191638
1.4874345310729369
1.5071870326671966
1.5072324712858371
1.5080407828724574
1.5061386195418658
1.498161225454582
1.5003416888735528
1.4842685692965023
1.4866822014464278
1.4878664860569197
1.4866884505376816
1.4896151817488712
1.500956034360657
1.5029886258012237
1.4982572896686432
1.5004855999279598
1.492730402463696
1.503505730069217
1.4905549555214055
1.5156693319033432
1.5157113841826502
1.5103364104957402
1.5076639261570106
1.521639586819636
1.510610943465671
1.513488040602328
1.4872335612985037
1.4878636029687002
1.482739435363551
1.485757810115475
1.4984425752434052
1.5011043530813548
1.4938844012080064
1.4902304918592728
1.4858920421916728
1.513885231318527
1.4905979452786218
1.489797523172706
1.5054366601860318
1.5042212199552658
1.505698758337004
1.505800461990325
1.4828019452746088
1.4978279100860215
1.4812783158430531
1.4979892645353434
1.4920038790625731
1.4871808513292835
1.49455123721265
1.495283786654998
1.479368467792086
1.4906607888985763
1.4815531407506788
1.4839359013002826
1.4838221823857025
1.4852920520672233
1.4899269988308603
1.4869652099863997
1.4961391801200683
1.4933277681980104
1.4943226309973257
1.489330108507789
1.4917960582015486
1.491303411683164
1.506382922399032
1.4904012783487735
1.4890471030276795
1.4907182762993916
1.4866872483561326
1.483377706006235
1.483734786373255
1.4892253050609747
1.4854342816725412
1.4849006188510387
1.4844430146832928
1.496238695606314
1.4810693310028964
1.4795400909703385
1.4796139570770013
1.4793118896192903
1.489216001836718
1.4975039110039214
1.4847679611986224
1.4989852181853458
1.478605810722211
1.4760442955277508
1.4860919022135308
1.481967626214278
1.4801703850631303
1.4765928330907638
1.4840065000772504
1.4952708808610484
1.5089253757969014
1.5003855310793384
1.4944181498737694
1.4962922417277777
1.5012984888015988
1.514979604445003
1.492310045101875
1.4915905310893494
1.5162346881578221
1.497376605216523
1.4883102872375666
1.4910051340137602
1.4936094900021344
1.5112265745316467
1.493902803466473
1.5099179995685335
1.5014072010215134
1.5051307104572582
1.4919213029860052
1.497232648691965
1.4969642701183838
1.4980187728348138
1.496413679929734
1.5010423555680017
1.4970433747430094
1.4896970660910631
1.4828102223758164
1.4866221144872618
1.4954297448943497
1.4930867934248635
1.501823983174247
1.4784541947673357
1.4829532143231543
1.492765715162281
1.4825458436635772
1.4798147347301858
1.4792891621503357
1.4793808539681412
1.5000915390893075
1.4992971741536698
1.484696270197456
1.4831252402867128
1.4789029901062596
1.477346981619588
1.4817352602011715
1.5009923849725866
1.4925643677587106
1.486599104721461
1.4771617479302925
1.4960832050954702
1.4802469237382525
1.4834333939385516
1.4843115545497856
1.4876485465364133
1.4787253466005588
1.4846110230304699
1.4852623361927022
1.4926727095514352
1.4876983906572685
1.5013609598032363
1.4881604642214623
1.4752433756936039
1.498492904026367
1.5113438287496774
1.4933397656032794
1.5006888766402429
1.4916829581574496
1.4948790712366906
1.4903452027024096
1.4956172817557967
1.5009582380573505
1.5047086422131732
1.4948216539033057
1.4791287631073373
1.487670475343489
1.4847549794818442
1.4835092046379095
1.5058478107708688
1.5000301260646067
1.5117736173479919
1.5029156884887074
1.4884922204986972
1.493351276049926
1.493917974139288
1.491228667175002
1.5037096668719139
1.5095618227722223
1.513984588837828
1.4968759790968191
1.4980716006260584
1.5064861332865818
1.5066085695706584
1.5059543018248538
1.5093663233924364
1.5042401847997917
1.5115786281918178
1.511637511566305
1.4865259701273916
1.4969430585399175
1.49744771907031
1.5070077232091874
1.4991747543037015
1.5016789642787531
1.5026007066978377
1.491031145293463
1.5001615922276423
1.5002801907035845
1.5020693502889724
1.482544326473084
1.4883837695256215
1.4839642201426415
1.4878919412192038
1.4886736562358613
1.489948321470683
1.5024670833181264
1.5085763151415563
1.4884372906829146
1.4900567821431552
1.490302489488107
1.489332912480738
1.499891581192005
1.4999065037707435
1.5026426034478662
1.502269341611096
1.5046306347492637
1.5125838781723908
1.5065540283383896
1.4966420374949845
1.5013185071281592
1.5006062057256537
1.4947146745529736
1.5022457732120984
1.498262461642092
1.4959800712851974
1.4903669648884708
1.4939395178808517
1.5090097948273438
1.49695069509957
1.5112824266022733
1.503935749729864
1.4924108762911377
1.4926094867599455
1.4918259978654056
1.504206395446564
1.4996726381986343
1.4980314473096128
1.490749629782573
1.5095450193107158
1.5111877451872742
1.5080549432724557
1.503938120883617
1.4862888367873504
1.5101489969350614
1.5138530142109763
1.5145058803802134
1.5015036025408546
1.5049002811103562
1.4985167743178724
1.4978272657576333
1.5159593128700972
1.4995441178632039
1.501689276854207
1.5079227815774148
1.495275272372731
1.50487000527893
1.4974843249303924
1.5006595566122265
1.4978729830721593
1.49537769618477
1.5055473178782437
1.485992624521898
1.4816553758785909
1.484451699645671
1.4863593765213086
1.4878449569769483
1.4846411432722204
1.498084627984125
1.4819250969413014
1.5003218594113026
1.4998066004937771
1.4849182610762408
1.483896500363062
1.5088395994766788
1.500052759769651
1.5032558936649745
1.4957707853995332
1.501845920048164
1.500289324435167
1.4844368345728296
1.4859744361794538
1.5100808061453925
1.4879899264944556
1.5130723887748505
1.509640255580331
1.5002823974978594
1.5082181128897947
1.4988103975247637
1.4976088883890009
1.495250328540126
1.4800936324456855
1.4839609030803302
1.484466373362377
1.4918802881149962
1.484150671828671
1.4856460009376729
1.4796961452109114
1.484159967290656
1.5003696757206773
1.511895003891441
1.5104049369376447
1.4972092209856578
1.5017324236552738
1.5022338757371323
1.497679422831926
1.504592713294254
1.5109100010111547
1.5108421536783
1.506566801246046
1.5052347636482322
1.5092705456642435
1.4968220824162715
1.5035334284516921
1.490946689133037
1.4904640828516977
1.4939179312803486
1.491099688232005
1.4913375336917152
1.4990499930966346
1.509495838937493
1.5116380270201981
1.4925145582475607
1.4858865242459416
1.491564796748164
1.497170718871788
1.494665888291419
1.4871795447517433
1.4823775087694826
1.503257538848994
1.4951800533659183
1.4819155088674816
1.5079455157407966
1.5061888514187547
1.4931467174829054
1.490848162342257
1.4958302376006138
1.4940420837670387
1.4871622940847058
1.4984181504235161
1.4933518900362273
1.4917701810316222
1.5001191929688542
1.4865303561904168
1.4862786040783587
1.483795267564721
1.498875417107023
1.4992728287942083
1.5088392978846026
1.5015684033418109
1.4859045584580413
1.5003868214359006
1.5036197789261596
1.501130962309953
1.5027341041825963
1.4898742030330172
1.48816680189328
1.5005808011589794
1.496730761088657
1.5053571737539306
1.5074261148320456
1.4883210674773744
1.5012175891830157
1.4883364714209795
1.495342371246811
1.490891909367894
1.4915114611806628
1.488616104007712
1.5138408480084284
1.4908160463955125
1.4871054856679615
1.4940832436994256
1.5080130646857062
1.499053069796234
1.5061751124013338
1.4999478859515396
1.4928151493274195
1.5062949735158648
1.5028706014788942
1.5076183125194549
1.507238209989855
1.5046698609474616
1.5094743441760101
1.5100730211912596
1.506276257923366
1.5091349905584988
1.5073696473916576
1.5074656996995563
1.4998485817234621
1.514476343668116
1.4949204854024947
1.5075484907677863
1.4848086033768544
1.4877767862448783
1.486382477894049
1.4866167339447767
1.4944228562344744
1.4883291744780074
1.482984265528019
1.5043843661316403
1.502010746680311
1.4988940872299439
1.485945967861727
1.5079991099735424
1.4956080533487341
1.4863242291407393
1.489370034621872
1.4939073769517335
1.4985757243464741
1.4941768681302483
1.5136387051492988
1.5002649569604716
1.4837710774329753
1.4934464746344123
1.4941725132260586
1.5045069251225027
1.498944084199669
1.5101371192309394
1.5024869686159006
1.5002799234664344
1.488196311221885
1.5079157413185
1.4946642717469125
1.4952574982612008
1.5003521962564033
1.5019163373265647
1.506781759660523
1.5124242037346416
1.4904501700725437
1.504071637779054
1.5044601809518316
1.5042726843683456
1.5033754684423197
1.5039168667115776
1.5031623708226622
1.5046768359633242
1.5036338165043905
1.4925208660240779
1.502170099809814
1.5014637485504794
1.495687856451438
1.5033878648501913
1.5006929041796742
1.504142379646241
1.5088993928467553
1.4982944426358251
1.4994314536438798
1.4935247751870107
1.5075275667573658
1.4961939757305258
1.5083231521994378
1.4990235800052922
1.50304072591839
1.4968538965821512
1.4973146861611655
1.4899194855648235
1.4986471772564482
1.506148350540337
1.5116541455577854
1.4982356195818183
1.4963343976894583
1.50893262002205
1.4954517783027028
1.5160717096739125
1.5127206609446429
1.4988783507964132
1.501322056808528
1.499478707503234
1.5163614411367532
1.510559658285503
1.4974320129354546
1.5103223311771787
1.5111719141155864
1.5094574339993894
1.5131665702890806
1.5084381684936818
1.5109229021366506
1.5139183735667783
1.4964821503703072
1.501927563984235
1.4984063937074177
1.515203299526681
1.5128285166731315
1.5098010328702858
1.5140513594607636
1.5154335693904022
1.512651553191809
1.5032442018363694
1.498808102591829
1.5022561706057744
1.4991208778621372
1.499484510730017
1.4970436613503004
1.506066760475474
1.50391015883141
1.5048139521715942
1.509145316462643
1.498566228823771
1.4871288467486539
1.4836389812362714
1.501004199047924
1.5018991557834465
1.4965916016332166
1.496243769181523
1.5113123949223397
1.5018246609324937
1.490625297727036
1.4988968728395433
1.501904313320084
1.4983265201064955
1.501428587854271
1.4989034812294075
1.5016327414205244
1.5023000308591095
1.5015838677966762
1.4994600067567174
1.4994849320190768
1.497894041039929
1.4968532904784284
1.5066185172027238
1.5076954961391995
1.5043150566220393
1.5112938351049565
1.5086225776657773
1.4959322268289776
1.5065469876844164
1.50158066843681
1.5098403107998113
1.5111823910114455
1.4997160252870878
1.4983949504478358
1.5017849437203998
1.5004107094023296
1.5058926159712116
1.5077914597495305
1.510245630988745
1.5099246006764866
1.5111129151439042
1.502944209116971
1.5074602225594462
1.5145937878716667
1.5002445103029707
1.5119535413185174
1.5141670856269442
1.503084015123621
1.4999215418898693
1.4990928718015493
1.4939082033012416
1.4955569571226504
1.4984500490402255
1.5081594502081186
1.513273268638012
1.5132969578060103
1.5141628824154265
1.5119508881339436
1.5112384424272038
1.502186972316676
1.5005775847046003
1.5012322849187796
1.4988380768633742
1.5105145088628498
1.5084343811125032
1.5160878526592534
1.5111329558848008
1.5112404642555297
1.501380934129358
1.5041630719964632
1.5129302331564691
1.5040560513438637
1.5001627139900977
1.5003031912287377
1.4991798084655623
1.5108088276587848
1.5016666184908283
1.4947991130794298
1.496328033770512
1.5034783052393326
1.5001727843870012
1.5068901958797485
1.5023693811063306
1.503210160898208
1.4972341744256907
1.5128151925032205
1.5050600551740687
1.5092706426298428
1.5093870827671054
1.5067613424680166
1.5077680437020573
1.5130126231006062
1.5032819692867572
1.501146297741124
1.5000711329977712
1.5012430328702255
1.4968634406211905
1.507596746015077
1.5090995656285584
1.514269270078583
1.507913306092051
1.498069702664568
1.4976621320322787
1.4994598091214622
1.5113917851027214
1.510077885687097
1.511517432946877
1.5121269482325383
1.4908343895483591
1.5106877104453313
1.50440521142861
1.5120532421275454
1.5000258694212083
1.5035870215231417
1.5041056562356332
1.497558422121925
1.5040288178423258
1.5142449167940084
1.5018128812375462
1.5040387676243583
1.5144827029664845
1.504448881249313
1.5093377304034512
1.498825736414546
1.509470284702235
1.5036553604538885
1.5141776310531225
1.5107856672909599
1.5130773326510791
1.5098136108725764
1.511469972541028
1.5009360705719563
1.5076383837094274
1.5130443717710222
1.5121766979349711
1.4906944226769019
1.5111975750910311
1.510151343757898
1.5006628634741757
1.51376065607199
1.5105972570370416
1.5080485238757213
1.503663685646304
1.5094029099379278
1.512877887528511
1.5136892556950579
1.5110493854970735
1.5147329807967185
1.512026100779094
1.5151157146779444
1.513866172894754
1.501182119199692
1.4994895020709174
1.5031426030346482
1.5045151309797877
1.504429587724237
1.4980139030725235
1.4993438886575137
1.5032993215190176
1.5055801101883317
1.4939672574006946
1.49995921922777
1.5013913410595119
1.5103610641703327
1.5007670137814777
1.4961860582040358
1.5046176187400853
1.4976611934228246
1.5040955999405323
1.4838176348340522
1.507566865134781
1.499444799301601
1.508675334786176
1.4946307474592921
1.5135225798756364
1.5054820528377042
1.504012322677972
1.5114054498835283
1.5171122804822865
1.5111628769003786
1.5116852407020112
1.5128696581681509
1.5112358136502322
1.5057939134471072
1.5072285961971144
1.5130070979715624
1.5123170635513905
1.5005074152948477
1.492343241924974
1.5093742258533887
1.5068384394460896
1.5056497151284838
1.4980221634948794
1.5063603557594294
1.496020800850428
1.4972770284780879
1.5095908009090133
1.5099051988296974
1.5015488003368536
1.4876425234437074
1.5035819093276315
1.5113021404646265
1.498776278884779
1.49968217360825
1.5140523489573805
1.508828571590427
1.5094085681095306
1.5056728393642944
1.5034813003658878
1.4980752436989027
1.4983600738928813
1.499114598617602
1.5139308495249637
1.5024661269963504
1.5116107825379166
1.512210619374763
1.5035530115693976
1.512539175509933
1.4979236207648712
1.5077393693901409
1.4995970373610692
1.5009079899702586
1.5076973627630146
1.4942583486878735
1.4896382911945836
1.494413117311621
1.5014138907008485
1.500576605515137
1.4897773900868077
1.5105714491197164
1.5036331128052873
1.5001119891338661
1.5040093476895178
1.4952315796551774
1.5080934376717068
1.5005105252496214
1.494998955629751
1.507216397037551
1.5045337092711293
1.504931843996054
1.4914195546025293
1.50390920367503
1.5019807341891906
1.5126377820037655
1.5173861719667547
1.5070747606245007
1.5046521228462297
1.5020449609037254
1.5128293767062724
1.4972423830389865
1.4939507995695187
1.5081737555398067
1.5102385365887407
1.499484166334758
1.5102454005292887
1.509546975040674
1.5015826300447808
1.5019489795252865
1.5069754958601809
1.508417028732328
1.5039168736827486
1.5103029653567488
1.499375719442101
1.505859013723529
1.500376474687439
1.5109129654527436
1.515346314568167
1.508418071570437
1.5119496311425549
1.4973302329900304
1.4995500487626394
1.5104507206689952
1.5097365988127152
1.511169900781503
1.5032659086733733
1.498874150070211
1.4991612144325999
1.5130646262750669
1.5093995697500668
1.5081935796085835
1.5009545355761464
1.497742853011167
1.500301684829211
1.4998076878371585
1.5139276515478637
1.5131898787867564
1.5001919654938445
1.5058498184467168
1.5113575001588233
1.5100626760674385
1.503816843910312
1.4996669057611463
1.5087991968150865
1.4999321212746293
1.489211184504165
1.5016462413416467
1.494723368097283
1.5003755252798814
1.5163028735057635
1.4973454902368462
1.488589799536648
1.5027710662302216
1.4985714523916214
1.5104857006957662
1.5092785333166538
1.4884143416318156
1.4991784280669267
1.5026505614289154
1.5103587428330223
1.4979861740796645
1.5036522281120057
1.5011691150776763
1.5088959086807627
1.4999248053456247
1.505931563712588
1.5059704854154385
1.5054536049680431
1.5174608827128055
1.5165050241283156
1.5055784018766585
1.5103910367060538
1.498119157383474
1.5087003397582734
1.51204416586804
1.5054228315772205
1.5148492562774767
1.4991062676853923
1.5093531256250765
1.5003984224125078
1.5077021278056946
1.514230075331174
1.5117233189311219
1.5008496807466538
1.5052284201012942
1.5099372363902008
1.498296344439329
1.5146315422225265
1.516033531918241
1.5108264521670893
1.5031526086857845
1.5089568184600295
1.500181676113899
1.4964091730052282
1.4988357784447424
1.5084722369640058
1.509335822215976
1.5186987034787172
1.4993462829285387
1.4989093570463288
1.5030890064401015
1.5060055900523481
1.5164769077985456
1.5020246032159044
1.5010593591240595
1.517322087796875
1.5171919741216482
1.5043504867501059
1.493478565201721
1.4926557446157043
1.4930767887323568
1.5019423717762732
1.5034359064195795
1.4901735968660021
1.5050572777152427
1.5145749397383528
1.5167631912615307
1.493477706567274
1.4920875751698748
1.4850747574804368
1.492998995235837
1.4974788914425843
1.5084874717942611
1.5030474402064415
1.5005532178924628
1.510418281148155
1.5112769422634478
1.5056781238403278
1.502284728503444
1.5141287903805574
1.5112425430130192
1.505734950138149
1.496521670624231
1.4844588412378106
1.481869644276453
1.5007374497275514
1.4994966876326719
1.4989382581283532
1.496751895171823
1.4917642208577149
1.4992470661397186
1.501992655730805
1.5021091483145477
1.497537662254937
1.5030479375073338
1.489875668817398
1.5157611356143965
1.5073537588377588
1.5070825691496244
1.5058300970643121
1.5062845844117434
1.4955047599820133
1.504836150919622
1.5145091453416444
1.5092632711299034
1.4901001837097658
1.5112355047714086
1.511609901563627
1.5109177907573543
1.5020354530157694
1.5039894578513844
1.5049655990257735
1.5021045533275343
1.510066820682738
1.5009877959136129
1.5074379929442892
1.5126171815274712
1.5130101527077393
1.5130646240744414
1.5155094663273538
1.5173304137627717
1.4955461200689637
1.5018752652288592
1.5003196948586601
1.5055476919885815
1.51003624174892
1.514780658298534
1.512787086966298
1.5139249089671103
1.5169765665578487
1.5129109891374883
1.513501024439759
1.500778166302173
1.4998549553776144
1.5145634676394912
1.509948887061131
1.50060315013209
1.503276969766852
1.512772831138101
1.5010823469837682
1.4978825068329855
1.5005747817875041
1.493494540214439
1.504553376799539
1.4994646871261528
1.501579610051068
1.5013521667682639
1.500148780643578
1.5014905053464664
1.5035507427788333
1.5002422684769594
1.5008991485384628
1.4994585108932714
1.5095246520693175
1.50379775644114
1.5041160366039945
1.5061990376105379
1.5009625958222828
1.5002648603050586
1.5119390535312769
1.510969787622437
1.5050083378677004
1.5014630552559438
1.5040505752822468
1.5140830291327114
1.5113985390706186
1.4987788325823024
1.5077959729845345
1.507720477506996
1.4948904165808359
1.5024678781236471
1.5193808450798616
1.503637571410416
1.4980298730874397
1.5036048965380673
1.496690260937483
1.498922524275792
1.4994427921352977
1.496002445573995
1.4822681248321028
1.5050125256310927
1.505185941451049
1.4935673778983962
1.5008393058438787
1.5011619687147713
1.5007545423483182
1.5017492228687341
1.5049376797166445
1.5099534515699085
1.5037811940141619
1.5048406686512368
1.5009428153000752
1.4998233286351466
1.497641191305477
1.4961031562679998
1.4999127472625173
1.4961809625269866
1.512909792950148
1.4922075241519244
1.500948083326242
1.4971686181654305
1.4991800655020764
1.4966739792217307
1.4945217127942756
1.4966059527404905
1.5121986750861816
1.5108860125122214
1.5082570232456314
1.5093811716948726
1.5112036425867945
1.4918205452749405
1.4825987895824833
1.4860482877377383
1.5049304784849207
1.5018088731006989
1.5034236573618667
1.5110575351570859
1.5087201916401036
1.4991915665408573
1.5038737600727168
1.4995646515606613
1.4972398890722687
1.5004853845743016
1.4985690036974213
1.508686350249413
1.5017297037946957
1.5037608454716307
1.502348835132036
1.4966781635736273
1.497707902067662
1.4894260325755009
1.4886461182080144
1.5104078302789263
1.5092415721751915
1.510915391287614
1.5065122890142415
1.5071719915346002
1.5041442332705228
1.5012920554535207
1.5015153994467865
1.500586411740323
1.5107725643137115
1.5016067134439601
1.5015186074038642
1.5029911784040222
1.498265119977502
1.5037482195028717
1.4905175269994775
1.5004131377668948
1.5045909610875148
1.5161496793869491
1.5081367505355567
1.5022643859635645
1.516304210685483
1.511607472336323
1.5096017167024665
1.4989201241867474
1.5083502365146915
1.4987762263756608
1.5006432155423761
1.513899210519822
1.5166173657865598
1.511312234285892
1.5123120613600087
1.5147565824465985
1.5122798912207212
1.5093451793502175
1.5070914855057906
1.5140711223037948
1.5135362341288294
1.5131467484355083
1.5162152650062497
1.5148295405670031
1.5163884596288442
1.5122854281098637
1.509990467504932
1.5081612944942577
1.5118574411125902
1.5102676734410747
1.5126273118872977
1.5117276885466358
1.516875075978234
1.512968155757792
1.502424748643521
1.500646120928886
1.5146966713060341
1.5116964991877835
1.5147507169501389
1.5114922784797542
1.5007131095675827
1.5003516709572864
1.5118610808758772
1.503410765151898
1.507819155944002
1.5087815063753365
1.5147620501154742
1.5089482349438619
1.5041465630150832
1.5100185299374305
1.5083009718323959
1.49731992812875
1.4980344778578532
1.5024922753392627
1.5029775112174282
1.501707154460342
1.5137815485234376
1.5122467894952707
1.5062978848976132
1.5083465192631007
1.5059422032099112
1.5016753642315381
1.5141468867038044
1.4948025065636221
1.4946671010812764
1.5072195055492386
1.494271176080537
1.4935821346979696
1.4954298333680094
1.494975377592797
1.5037739068590554
1.5010852532236119
1.5108374845871304
1.5026042376455937
1.502713425832181
1.5064028085816927
1.5082019424377076
1.5042409150180158
1.495856565568779
1.4982510629033323
1.5102335014229593
1.5015988719896813
1.507839946097221
1.497577109525682
1.4992558129841815
1.504095551008764
1.5104229421287692
1.5039110152902495
1.5132144346189134
1.5031261639048092
1.4952855046791644
1.5004480277037007
1.5117347270019483
1.498533131377093
1.4962000106459268
1.4944371176314655
1.4966075488222574
1.5130434564648514
1.5191908606686038
1.5149829048390797
1.5128497614223921
1.5010453944557605
1.5226081249087238
1.4984968036786988
1.5102338840460836
1.507300489253686
1.5104193769569472
1.5031387064358326
1.5125152107532975
1.4961685799309716
1.5022588452795562
1.5063520569467617
1.5132319642390362
1.49624087552816
1.4840275461683758
1.490930882287464
1.4999811640123082
1.501041754843848
1.5037153450670773
1.4923543417483833
1.4983748315020586
1.500958263387465
1.495074394612629
1.4982967974086852
1.496158846940764
1.499436833273537
1.5017329558510735
1.5086436850383853
1.4985977306430238
1.500391257830535
1.497652802444889
1.4976386491419276
1.4963957400640036
1.4966253740485
1.5076385226435836
1.5038576547003126
1.5111273822092366
1.4904024517361079
1.5124302325409127
1.5101396317585736
1.4960101839085573
1.492823187729454
1.4911254416052595
1.4989431085342226
1.5050519666895623
1.5000302077920522
1.500981840696219
1.5115753853729217
1.5112486551918818
1.4981213881996798
1.5169833729549544
1.5039375788106524
1.5003351537883012
1.4832820266967741
1.4974726129326932
1.489673645113963
1.505720409359461
1.507189999081576
1.482277049444946
1.4880929919454962
1.5023281142523746
1.5022650658765229
1.4974701930936227
1.5021391848317163
1.5082971729099997
1.5096844062932675
1.5100926562983346
1.5068352856205462
1.503757102053769
1.504051753512853
1.5040806694938165
1.4947753044311736
1.5006788739613632
1.4940146611881904
1.502722345067066
1.499791455011763
1.512173610382292
1.513091643508225
1.5025865571628438
1.504507686915614
1.4965143762565138
1.5104965098376568
1.5083071830820614
1.4998672714576275
1.5019604314619073
1.487295266454819
1.5027238453648741
1.500973903793551
1.4992099454640255
1.4991984721290685
1.4952184307620275
1.5114275831940442
1.5076270290530511
1.499638384851507
1.4991015973976254
1.4992016962422967
1.4924389707485672
